4 0.10956324063246 6.0794633006953e-05 0.045774541677745 4.5937732649022e-05
5 0.097764559576578 7.7596631828642e-05 0.038220027721065 4.6979331124518e-05
6 0.089422746118501 9.4229112118206e-05 0.033226094748865 5.5513708039066e-05
7 0.083221053133583 0.0001127527854716 0.029617497279356 7.4162521919115e-05
8 0.078333398343999 0.00013079889573898 0.027053490563576 8.5382442052488e-05
9 0.074293740916392 0.00013900451076955 0.024843220712135 8.08248444493e-05
10 0.070933142771693 0.00014121347924519 0.023084518676499 8.0366335451951e-05
11 0.068095497817054 0.00015255071180958 0.021709069295477 8.2524420580324e-05
12 0.065690502587285 0.00016505123448646 0.02043147360413 8.7800221486286e-05
13 0.063549132912593 0.00018368134672848 0.019360439864525 8.7993951186749e-05
14 0.061579753461883 0.00022073825678833 0.018427636815516 8.8043664673971e-05
15 0.059867102719255 0.00024553165264371 0.017641962066619 8.794659191786e-05
16 0.058373218494074 0.00029145503157812 0.017004786870034 9.9724988569183e-05
17 0.056947121857664 0.00031903004927649 0.016384511078553 0.0001179293599838
18 0.055863427461866 0.00035205064000314 0.01582922646499 0.00012730161151566
19 0.054638015864958 0.00035879847977075 0.015284715467106 0.00012293962065929
20 0.053448987146024 0.00037806234306248 0.014780575478126 0.00012364636612573
