0 0
0 0.009
0 0.018
0 0.027
0 0.036
0 0.045
0 0.054
0 0.063
0 0.072
0 0.081
0 0.09
0 0.099
0 0.108
0 0.117
0 0.126
0 0.135
0 0.144
0 0.153
0 0.162
0 0.171
0 0.18
0 0.189
0 0.198
0 0.207
0 0.216
0 0.225
0 0.234
0 0.243
0 0.252
0 0.261
0 0.27
0 0.279
0 0.288
0 0.297
0 0.306
0 0.315
0 0.324
0 0.333
0 0.342
0 0.351
0 0.36
0 0.369
0 0.378
0 0.387
0 0.396
0 0.405
0 0.414
0 0.423
0 0.432
0 0.441
0 0.45
0 0.459
0 0.468
0 0.477
0 0.486
0 0.495
0 0.504
0 0.513
0 0.522
0 0.531
0 0.54
0 0.549
0 0.558
0 0.567
0 0.576
0 0.585
0 0.594
0 0.603
0 0.612
0 0.621
0 0.63
0 0.639
0 0.648
0 0.657
0 0.666
0 0.675
0 0.684
0 0.693
0 0.702
0 0.711
0 0.72
0 0.729
0 0.738
0 0.747
0 0.756
0 0.765
0 0.774
0 0.783
0 0.792
0 0.801
0 0.81
0 0.819
0 0.828
0 0.837
0 0.846
0 0.855
0 0.864
0 0.873
0 0.882
0 0.891
0 0.9
0 0.909
0 0.918
0 0.927
0 0.936
0 0.945
0 0.954
0 0.963
0 0.972
0 0.981
0 0.99
0 0.999
0 1.008
0 1.017
0 1.026
0 1.035
0 1.044
0 1.053
0 1.062
0 1.071
0 1.08
0 1.089
0 1.098
0 1.107
0 1.116
0 1.125
0 1.134
0 1.143
0 1.152
0 1.161
0 1.17
0 1.179
0 1.188
0 1.197
0 1.206
0 1.215
0 1.224
0 1.233
0 1.242
0 1.251
0 1.26
0 1.269
0 1.278
0 1.287
0 1.296
0 1.305
0 1.314
0 1.323
0 1.332
0 1.341
0 1.35
0 1.359
0 1.368
0 1.377
0 1.386
0 1.395
0 1.404
0 1.413
0 1.422
0 1.431
0 1.44
0 1.449
0 1.458
0 1.467
0 1.476
0 1.485
0 1.494
0 1.503
0 1.512
0 1.521
0 1.53
0 1.539
0 1.548
0 1.557
0 1.566
0 1.575
0 1.584
0 1.593
0 1.602
0 1.611
0 1.62
0 1.629
0 1.638
0 1.647
0 1.656
0 1.665
0 1.674
0 1.683
0 1.692
0 1.701
0 1.71
0 1.719
0 1.728
0 1.737
0 1.746
0 1.755
0 1.764
0 1.773
0 1.782
0 1.791
0 1.8
0 1.809
0 1.818
0 1.827
0 1.836
0 1.845
0 1.854
0 1.863
0 1.872
0 1.881
0 1.89
0 1.899
0 1.908
0 1.917
0 1.926
0 1.935
0 1.944
0 1.953
0 1.962
0 1.971
0 1.98
0 1.989
0 1.998
0 2.007
0 2.016
0 2.025
0 2.034
0 2.043
0 2.052
0 2.061
0 2.07
0 2.079
0 2.088
0 2.097
0 2.106
0 2.115
0 2.124
0 2.133
0 2.142
0 2.151
0 2.16
0 2.169
0 2.178
0 2.187
0 2.196
0 2.205
0 2.214
0 2.223
0 2.232
0 2.241
0 2.25
0 2.259
0 2.268
0 2.277
0 2.286
0 2.295
0 2.304
0 2.313
0 2.322
0 2.331
0 2.34
0 2.349
0 2.358
0 2.367
0 2.376
0 2.385
0 2.394
0 2.403
0 2.412
0 2.421
0 2.43
0 2.439
0 2.448
0 2.457
0 2.466
0 2.475
0 2.484
0 2.493
0 2.502
0 2.511
0 2.52
0 2.529
0 2.538
0 2.547
0 2.556
0 2.565
0 2.574
0 2.583
0 2.592
0 2.601
0 2.61
0 2.619
0 2.628
0 2.637
0 2.646
0 2.655
0 2.664
0 2.673
0 2.682
0 2.691
0 2.7
0 2.709
0 2.718
0 2.727
0 2.736
0 2.745
0 2.754
0 2.763
0 2.772
0 2.781
0 2.79
0 2.799
0 2.808
0 2.817
0 2.826
0 2.835
0 2.844
0 2.853
0 2.862
0 2.871
0 2.88
0 2.889
0 2.898
0 2.907
0 2.916
0 2.925
0 2.934
0 2.943
0 2.952
0 2.961
0 2.97
0 2.979
0 2.988
0 2.997
0 3.006
0 3.015
0 3.024
0 3.033
0 3.042
0 3.051
0 3.06
0 3.069
0 3.078
0 3.087
0 3.096
0 3.105
0 3.114
0 3.123
0 3.132
0 3.141
0 3.15
0 3.159
0 3.168
0 3.177
0 3.186
0 3.195
0 3.204
0 3.213
0 3.222
0 3.231
0 3.24
0 3.249
0 3.258
0 3.267
0 3.276
0 3.285
0 3.294
0 3.303
0 3.312
0 3.321
0 3.33
0 3.339
0 3.348
0 3.357
0 3.366
0 3.375
0 3.384
0 3.393
0 3.402
0 3.411
0 3.42
0 3.429
0 3.438
0 3.447
0 3.456
0 3.465
0 3.474
0 3.483
0 3.492
0 3.501
0 3.51
0 3.519
0 3.528
0 3.537
0 3.546
0 3.555
0 3.564
0 3.573
0 3.582
0 3.591
0 3.6
0 3.609
0 3.618
0 3.627
0 3.636
0 3.645
0 3.654
0 3.663
0 3.672
0 3.681
0 3.69
0 3.699
0 3.708
0 3.717
0 3.726
0 3.735
0 3.744
0 3.753
0 3.762
0 3.771
0 3.78
0 3.789
0 3.798
0 3.807
0 3.816
0 3.825
0 3.834
0 3.843
0 3.852
0 3.861
0 3.87
0 3.879
0 3.888
0 3.897
0 3.906
0 3.915
0 3.924
0 3.933
0 3.942
0 3.951
0 3.96
0 3.969
0 3.978
0 3.987
0 3.996
0 4.005
0 4.014
0 4.023
0 4.032
0 4.041
0 4.05
0 4.059
0 4.068
0 4.077
0 4.086
0 4.095
0 4.104
0 4.113
0 4.122
0 4.131
0 4.14
0 4.149
0 4.158
0 4.167
0 4.176
0 4.185
0 4.194
0 4.203
0 4.212
0 4.221
0 4.23
0 4.239
0 4.248
0 4.257
0 4.266
0 4.275
0 4.284
0 4.293
0 4.302
0 4.311
0 4.32
0 4.329
0 4.338
0 4.347
0 4.356
0 4.365
0 4.374
0 4.383
0 4.392
0 4.401
0 4.41
0 4.419
0 4.428
0 4.437
0 4.446
0 4.455
0 4.464
0 4.473
0 4.482
0 4.491
0 4.5
0 4.509
0 4.518
0 4.527
0 4.536
0 4.545
0 4.554
0 4.563
0 4.572
0 4.581
0 4.59
0 4.599
0 4.608
0 4.617
0 4.626
0 4.635
0 4.644
0 4.653
0 4.662
0 4.671
0 4.68
0 4.689
0 4.698
0 4.707
0 4.716
0 4.725
0 4.734
0 4.743
0 4.752
0 4.761
0 4.77
0 4.779
0 4.788
0 4.797
0 4.806
0 4.815
0 4.824
0 4.833
0 4.842
0 4.851
0 4.86
0 4.869
0 4.878
0 4.887
0 4.896
0 4.905
0 4.914
0 4.923
0 4.932
0 4.941
0 4.95
0 4.959
0 4.968
0 4.977
0 4.986
0 4.995
0 5.004
0 5.013
0 5.022
0 5.031
0 5.04
0 5.049
0 5.058
0 5.067
0 5.076
0 5.085
0 5.094
0 5.103
0 5.112
0 5.121
0 5.13
0 5.139
0 5.148
0 5.157
0 5.166
0 5.175
0 5.184
0 5.193
0 5.202
0 5.211
0 5.22
0 5.229
0 5.238
0 5.247
0 5.256
0 5.265
0 5.274
0 5.283
0 5.292
0 5.301
0 5.31
0 5.319
0 5.328
0 5.337
0 5.346
0 5.355
0 5.364
0 5.373
0 5.382
0 5.391
0 5.4
0 5.409
0 5.418
0 5.427
0 5.436
0 5.445
0 5.454
0 5.463
0 5.472
0 5.481
0 5.49
0 5.499
0 5.508
0 5.517
0 5.526
0 5.535
0 5.544
0 5.553
0 5.562
0 5.571
0 5.58
0 5.589
0 5.598
0 5.607
0 5.616
0 5.625
0 5.634
0 5.643
0 5.652
0 5.661
0 5.67
0 5.679
0 5.688
0 5.697
0 5.706
0 5.715
0 5.724
0 5.733
0 5.742
0 5.751
0 5.76
0 5.769
0 5.778
0 5.787
0 5.796
0 5.805
0 5.814
0 5.823
0 5.832
0 5.841
0 5.85
0 5.859
0 5.868
0 5.877
0 5.886
0 5.895
0 5.904
0 5.913
0 5.922
0 5.931
0 5.94
0 5.949
0 5.958
0 5.967
0 5.976
0 5.985
0 5.994
0 6.003
0 6.012
0 6.021
0 6.03
0 6.039
0 6.048
0 6.057
0 6.066
0 6.075
0 6.084
0 6.093
0 6.102
0 6.111
0 6.12
0 6.129
0 6.138
0 6.147
0 6.156
0 6.165
0 6.174
0 6.183
0 6.192
0 6.201
0 6.21
0 6.219
0 6.228
0 6.237
0 6.246
0 6.255
0 6.264
0 6.273
0 6.282
0 6.291
0 6.3
0 6.309
0 6.318
0 6.327
0 6.336
0 6.345
0 6.354
0 6.363
0 6.372
0 6.381
0 6.39
0 6.399
0 6.408
0 6.417
0 6.426
0 6.435
0 6.444
0 6.453
0 6.462
0 6.471
0 6.48
0 6.489
0 6.498
0 6.507
0 6.516
0 6.525
0 6.534
0 6.543
0 6.552
0 6.561
0 6.57
0 6.579
0 6.588
0 6.597
0 6.606
0 6.615
0 6.624
0 6.633
0 6.642
0 6.651
0 6.66
0 6.669
0 6.678
0 6.687
0 6.696
0 6.705
0 6.714
0 6.723
0 6.732
0 6.741
0 6.75
0 6.759
0 6.768
0 6.777
0 6.786
0 6.795
0 6.804
0 6.813
0 6.822
0 6.831
0 6.84
0 6.849
0 6.858
0 6.867
0 6.876
0 6.885
0 6.894
0 6.903
0 6.912
0 6.921
0 6.93
0 6.939
0 6.948
0 6.957
0 6.966
0 6.975
0 6.984
0 6.993
0 7.002
0 7.011
0 7.02
0 7.029
0 7.038
0 7.047
0 7.056
0 7.065
0 7.074
0 7.083
0 7.092
0 7.101
0 7.11
0 7.119
0 7.128
0 7.137
0 7.146
0 7.155
0 7.164
0 7.173
0 7.182
0 7.191
0 7.2
0 7.209
0 7.218
0 7.227
0 7.236
0 7.245
0 7.254
0 7.263
0 7.272
0 7.281
0 7.29
0 7.299
0 7.308
0 7.317
0 7.326
0 7.335
0 7.344
0 7.353
0 7.362
0 7.371
0 7.38
0 7.389
0 7.398
0 7.407
0 7.416
0 7.425
0 7.434
0 7.443
0 7.452
0 7.461
0 7.47
0 7.479
0 7.488
0 7.497
0 7.506
0 7.515
0 7.524
0 7.533
0 7.542
0 7.551
0 7.56
0 7.569
0 7.578
0 7.587
0 7.596
0 7.605
0 7.614
0 7.623
0 7.632
0 7.641
0 7.65
0 7.659
0 7.668
0 7.677
0 7.686
0 7.695
0 7.704
0 7.713
0 7.722
0 7.731
0 7.74
0 7.749
0 7.758
0 7.767
0 7.776
0 7.785
0 7.794
0 7.803
0 7.812
0 7.821
0 7.83
0 7.839
0 7.848
0 7.857
0 7.866
0 7.875
0 7.884
0 7.893
0 7.902
0 7.911
0 7.92
0 7.929
0 7.938
0 7.947
0 7.956
0 7.965
0 7.974
0 7.983
0 7.992
0 8.001
0 8.01
0 8.019
0 8.028
0 8.037
0 8.046
0 8.055
0 8.064
0 8.073
0 8.082
0 8.091
0 8.1
0 8.109
0 8.118
0 8.127
0 8.136
0 8.145
0 8.154
0 8.163
0 8.172
0 8.181
0 8.19
0 8.199
0 8.208
0 8.217
0 8.226
0 8.235
0 8.244
0 8.253
0 8.262
0 8.271
0 8.28
0 8.289
0 8.298
0 8.307
0 8.316
0 8.325
0 8.334
0 8.343
0 8.352
0 8.361
0 8.37
0 8.379
0 8.388
0 8.397
0 8.406
0 8.415
0 8.424
0 8.433
0 8.442
0 8.451
0 8.46
0 8.469
0 8.478
0 8.487
0 8.496
0 8.505
0 8.514
0 8.523
0 8.532
0 8.541
0 8.55
0 8.559
0 8.568
0 8.577
0 8.586
0 8.595
0 8.604
0 8.613
0 8.622
0 8.631
0 8.64
0 8.649
0 8.658
0 8.667
0 8.676
0 8.685
0 8.694
0 8.703
0 8.712
0 8.721
0 8.73
0 8.739
0 8.748
0 8.757
0 8.766
0 8.775
0 8.784
0 8.793
0 8.802
0 8.811
0 8.82
0 8.829
0 8.838
0 8.847
0 8.856
0 8.865
0 8.874
0 8.883
0 8.892
0 8.901
0 8.91
0 8.919
0 8.928
0 8.937
0 8.946
0 8.955
0 8.964
0 8.973
0 8.982
0 8.991
0 9
1 0
1 0.009
1 0.018
1 0.027
1 0.036
1 0.045
1 0.054
1 0.063
1 0.072
1 0.081
1 0.09
1 0.099
1 0.108
1 0.117
1 0.126
1 0.135
1 0.144
1 0.153
1 0.162
1 0.171
1 0.18
1 0.189
1 0.198
1 0.207
1 0.216
1 0.225
1 0.234
1 0.243
1 0.252
1 0.261
1 0.27
1 0.279
1 0.288
1 0.297
1 0.306
1 0.315
1 0.324
1 0.333
1 0.342
1 0.351
1 0.36
1 0.369
1 0.378
1 0.387
1 0.396
1 0.405
1 0.414
1 0.423
1 0.432
1 0.441
1 0.45
1 0.459
1 0.468
1 0.477
1 0.486
1 0.495
1 0.504
1 0.513
1 0.522
1 0.531
1 0.54
1 0.549
1 0.558
1 0.567
1 0.576
1 0.585
1 0.594
1 0.603
1 0.612
1 0.621
1 0.63
1 0.639
1 0.648
1 0.657
1 0.666
1 0.675
1 0.684
1 0.693
1 0.702
1 0.711
1 0.72
1 0.729
1 0.738
1 0.747
1 0.756
1 0.765
1 0.774
1 0.783
1 0.792
1 0.801
1 0.81
1 0.819
1 0.828
1 0.837
1 0.846
1 0.855
1 0.864
1 0.873
1 0.882
1 0.891
1 0.9
1 0.909
1 0.918
1 0.927
1 0.936
1 0.945
1 0.954
1 0.963
1 0.972
1 0.981
1 0.99
1 0.999
1 1.008
1 1.017
1 1.026
1 1.035
1 1.044
1 1.053
1 1.062
1 1.071
1 1.08
1 1.089
1 1.098
1 1.107
1 1.116
1 1.125
1 1.134
1 1.143
1 1.152
1 1.161
1 1.17
1 1.179
1 1.188
1 1.197
1 1.206
1 1.215
1 1.224
1 1.233
1 1.242
1 1.251
1 1.26
1 1.269
1 1.278
1 1.287
1 1.296
1 1.305
1 1.314
1 1.323
1 1.332
1 1.341
1 1.35
1 1.359
1 1.368
1 1.377
1 1.386
1 1.395
1 1.404
1 1.413
1 1.422
1 1.431
1 1.44
1 1.449
1 1.458
1 1.467
1 1.476
1 1.485
1 1.494
1 1.503
1 1.512
1 1.521
1 1.53
1 1.539
1 1.548
1 1.557
1 1.566
1 1.575
1 1.584
1 1.593
1 1.602
1 1.611
1 1.62
1 1.629
1 1.638
1 1.647
1 1.656
1 1.665
1 1.674
1 1.683
1 1.692
1 1.701
1 1.71
1 1.719
1 1.728
1 1.737
1 1.746
1 1.755
1 1.764
1 1.773
1 1.782
1 1.791
1 1.8
1 1.809
1 1.818
1 1.827
1 1.836
1 1.845
1 1.854
1 1.863
1 1.872
1 1.881
1 1.89
1 1.899
1 1.908
1 1.917
1 1.926
1 1.935
1 1.944
1 1.953
1 1.962
1 1.971
1 1.98
1 1.989
1 1.998
1 2.007
1 2.016
1 2.025
1 2.034
1 2.043
1 2.052
1 2.061
1 2.07
1 2.079
1 2.088
1 2.097
1 2.106
1 2.115
1 2.124
1 2.133
1 2.142
1 2.151
1 2.16
1 2.169
1 2.178
1 2.187
1 2.196
1 2.205
1 2.214
1 2.223
1 2.232
1 2.241
1 2.25
1 2.259
1 2.268
1 2.277
1 2.286
1 2.295
1 2.304
1 2.313
1 2.322
1 2.331
1 2.34
1 2.349
1 2.358
1 2.367
1 2.376
1 2.385
1 2.394
1 2.403
1 2.412
1 2.421
1 2.43
1 2.439
1 2.448
1 2.457
1 2.466
1 2.475
1 2.484
1 2.493
1 2.502
1 2.511
1 2.52
1 2.529
1 2.538
1 2.547
1 2.556
1 2.565
1 2.574
1 2.583
1 2.592
1 2.601
1 2.61
1 2.619
1 2.628
1 2.637
1 2.646
1 2.655
1 2.664
1 2.673
1 2.682
1 2.691
1 2.7
1 2.709
1 2.718
1 2.727
1 2.736
1 2.745
1 2.754
1 2.763
1 2.772
1 2.781
1 2.79
1 2.799
1 2.808
1 2.817
1 2.826
1 2.835
1 2.844
1 2.853
1 2.862
1 2.871
1 2.88
1 2.889
1 2.898
1 2.907
1 2.916
1 2.925
1 2.934
1 2.943
1 2.952
1 2.961
1 2.97
1 2.979
1 2.988
1 2.997
1 3.006
1 3.015
1 3.024
1 3.033
1 3.042
1 3.051
1 3.06
1 3.069
1 3.078
1 3.087
1 3.096
1 3.105
1 3.114
1 3.123
1 3.132
1 3.141
1 3.15
1 3.159
1 3.168
1 3.177
1 3.186
1 3.195
1 3.204
1 3.213
1 3.222
1 3.231
1 3.24
1 3.249
1 3.258
1 3.267
1 3.276
1 3.285
1 3.294
1 3.303
1 3.312
1 3.321
1 3.33
1 3.339
1 3.348
1 3.357
1 3.366
1 3.375
1 3.384
1 3.393
1 3.402
1 3.411
1 3.42
1 3.429
1 3.438
1 3.447
1 3.456
1 3.465
1 3.474
1 3.483
1 3.492
1 3.501
1 3.51
1 3.519
1 3.528
1 3.537
1 3.546
1 3.555
1 3.564
1 3.573
1 3.582
1 3.591
1 3.6
1 3.609
1 3.618
1 3.627
1 3.636
1 3.645
1 3.654
1 3.663
1 3.672
1 3.681
1 3.69
1 3.699
1 3.708
1 3.717
1 3.726
1 3.735
1 3.744
1 3.753
1 3.762
1 3.771
1 3.78
1 3.789
1 3.798
1 3.807
1 3.816
1 3.825
1 3.834
1 3.843
1 3.852
1 3.861
1 3.87
1 3.879
1 3.888
1 3.897
1 3.906
1 3.915
1 3.924
1 3.933
1 3.942
1 3.951
1 3.96
1 3.969
1 3.978
1 3.987
1 3.996
1 4.005
1 4.014
1 4.023
1 4.032
1 4.041
1 4.05
1 4.059
1 4.068
1 4.077
1 4.086
1 4.095
1 4.104
1 4.113
1 4.122
1 4.131
1 4.14
1 4.149
1 4.158
1 4.167
1 4.176
1 4.185
1 4.194
1 4.203
1 4.212
1 4.221
1 4.23
1 4.239
1 4.248
1 4.257
1 4.266
1 4.275
1 4.284
1 4.293
1 4.302
1 4.311
1 4.32
1 4.329
1 4.338
1 4.347
1 4.356
1 4.365
1 4.374
1 4.383
1 4.392
1 4.401
1 4.41
1 4.419
1 4.428
1 4.437
1 4.446
1 4.455
1 4.464
1 4.473
1 4.482
1 4.491
1 4.5
1 4.509
1 4.518
1 4.527
1 4.536
1 4.545
1 4.554
1 4.563
1 4.572
1 4.581
1 4.59
1 4.599
1 4.608
1 4.617
1 4.626
1 4.635
1 4.644
1 4.653
1 4.662
1 4.671
1 4.68
1 4.689
1 4.698
1 4.707
1 4.716
1 4.725
1 4.734
1 4.743
1 4.752
1 4.761
1 4.77
1 4.779
1 4.788
1 4.797
1 4.806
1 4.815
1 4.824
1 4.833
1 4.842
1 4.851
1 4.86
1 4.869
1 4.878
1 4.887
1 4.896
1 4.905
1 4.914
1 4.923
1 4.932
1 4.941
1 4.95
1 4.959
1 4.968
1 4.977
1 4.986
1 4.995
1 5.004
1 5.013
1 5.022
1 5.031
1 5.04
1 5.049
1 5.058
1 5.067
1 5.076
1 5.085
1 5.094
1 5.103
1 5.112
1 5.121
1 5.13
1 5.139
1 5.148
1 5.157
1 5.166
1 5.175
1 5.184
1 5.193
1 5.202
1 5.211
1 5.22
1 5.229
1 5.238
1 5.247
1 5.256
1 5.265
1 5.274
1 5.283
1 5.292
1 5.301
1 5.31
1 5.319
1 5.328
1 5.337
1 5.346
1 5.355
1 5.364
1 5.373
1 5.382
1 5.391
1 5.4
1 5.409
1 5.418
1 5.427
1 5.436
1 5.445
1 5.454
1 5.463
1 5.472
1 5.481
1 5.49
1 5.499
1 5.508
1 5.517
1 5.526
1 5.535
1 5.544
1 5.553
1 5.562
1 5.571
1 5.58
1 5.589
1 5.598
1 5.607
1 5.616
1 5.625
1 5.634
1 5.643
1 5.652
1 5.661
1 5.67
1 5.679
1 5.688
1 5.697
1 5.706
1 5.715
1 5.724
1 5.733
1 5.742
1 5.751
1 5.76
1 5.769
1 5.778
1 5.787
1 5.796
1 5.805
1 5.814
1 5.823
1 5.832
1 5.841
1 5.85
1 5.859
1 5.868
1 5.877
1 5.886
1 5.895
1 5.904
1 5.913
1 5.922
1 5.931
1 5.94
1 5.949
1 5.958
1 5.967
1 5.976
1 5.985
1 5.994
1 6.003
1 6.012
1 6.021
1 6.03
1 6.039
1 6.048
1 6.057
1 6.066
1 6.075
1 6.084
1 6.093
1 6.102
1 6.111
1 6.12
1 6.129
1 6.138
1 6.147
1 6.156
1 6.165
1 6.174
1 6.183
1 6.192
1 6.201
1 6.21
1 6.219
1 6.228
1 6.237
1 6.246
1 6.255
1 6.264
1 6.273
1 6.282
1 6.291
1 6.3
1 6.309
1 6.318
1 6.327
1 6.336
1 6.345
1 6.354
1 6.363
1 6.372
1 6.381
1 6.39
1 6.399
1 6.408
1 6.417
1 6.426
1 6.435
1 6.444
1 6.453
1 6.462
1 6.471
1 6.48
1 6.489
1 6.498
1 6.507
1 6.516
1 6.525
1 6.534
1 6.543
1 6.552
1 6.561
1 6.57
1 6.579
1 6.588
1 6.597
1 6.606
1 6.615
1 6.624
1 6.633
1 6.642
1 6.651
1 6.66
1 6.669
1 6.678
1 6.687
1 6.696
1 6.705
1 6.714
1 6.723
1 6.732
1 6.741
1 6.75
1 6.759
1 6.768
1 6.777
1 6.786
1 6.795
1 6.804
1 6.813
1 6.822
1 6.831
1 6.84
1 6.849
1 6.858
1 6.867
1 6.876
1 6.885
1 6.894
1 6.903
1 6.912
1 6.921
1 6.93
1 6.939
1 6.948
1 6.957
1 6.966
1 6.975
1 6.984
1 6.993
1 7.002
1 7.011
1 7.02
1 7.029
1 7.038
1 7.047
1 7.056
1 7.065
1 7.074
1 7.083
1 7.092
1 7.101
1 7.11
1 7.119
1 7.128
1 7.137
1 7.146
1 7.155
1 7.164
1 7.173
1 7.182
1 7.191
1 7.2
1 7.209
1 7.218
1 7.227
1 7.236
1 7.245
1 7.254
1 7.263
1 7.272
1 7.281
1 7.29
1 7.299
1 7.308
1 7.317
1 7.326
1 7.335
1 7.344
1 7.353
1 7.362
1 7.371
1 7.38
1 7.389
1 7.398
1 7.407
1 7.416
1 7.425
1 7.434
1 7.443
1 7.452
1 7.461
1 7.47
1 7.479
1 7.488
1 7.497
1 7.506
1 7.515
1 7.524
1 7.533
1 7.542
1 7.551
1 7.56
1 7.569
1 7.578
1 7.587
1 7.596
1 7.605
1 7.614
1 7.623
1 7.632
1 7.641
1 7.65
1 7.659
1 7.668
1 7.677
1 7.686
1 7.695
1 7.704
1 7.713
1 7.722
1 7.731
1 7.74
1 7.749
1 7.758
1 7.767
1 7.776
1 7.785
1 7.794
1 7.803
1 7.812
1 7.821
1 7.83
1 7.839
1 7.848
1 7.857
1 7.866
1 7.875
1 7.884
1 7.893
1 7.902
1 7.911
1 7.92
1 7.929
1 7.938
1 7.947
1 7.956
1 7.965
1 7.974
1 7.983
1 7.992
1 8.001
1 8.01
1 8.019
1 8.028
1 8.037
1 8.046
1 8.055
1 8.064
1 8.073
1 8.082
1 8.091
1 8.1
1 8.109
1 8.118
1 8.127
1 8.136
1 8.145
1 8.154
1 8.163
1 8.172
1 8.181
1 8.19
1 8.199
1 8.208
1 8.217
1 8.226
1 8.235
1 8.244
1 8.253
1 8.262
1 8.271
1 8.28
1 8.289
1 8.298
1 8.307
1 8.316
1 8.325
1 8.334
1 8.343
1 8.352
1 8.361
1 8.37
1 8.379
1 8.388
1 8.397
1 8.406
1 8.415
1 8.424
1 8.433
1 8.442
1 8.451
1 8.46
1 8.469
1 8.478
1 8.487
1 8.496
1 8.505
1 8.514
1 8.523
1 8.532
1 8.541
1 8.55
1 8.559
1 8.568
1 8.577
1 8.586
1 8.595
1 8.604
1 8.613
1 8.622
1 8.631
1 8.64
1 8.649
1 8.658
1 8.667
1 8.676
1 8.685
1 8.694
1 8.703
1 8.712
1 8.721
1 8.73
1 8.739
1 8.748
1 8.757
1 8.766
1 8.775
1 8.784
1 8.793
1 8.802
1 8.811
1 8.82
1 8.829
1 8.838
1 8.847
1 8.856
1 8.865
1 8.874
1 8.883
1 8.892
1 8.901
1 8.91
1 8.919
1 8.928
1 8.937
1 8.946
1 8.955
1 8.964
1 8.973
1 8.982
1 8.991
1 9
2 0
2 0.009
2 0.018
2 0.027
2 0.036
2 0.045
2 0.054
2 0.063
2 0.072
2 0.081
2 0.09
2 0.099
2 0.108
2 0.117
2 0.126
2 0.135
2 0.144
2 0.153
2 0.162
2 0.171
2 0.18
2 0.189
2 0.198
2 0.207
2 0.216
2 0.225
2 0.234
2 0.243
2 0.252
2 0.261
2 0.27
2 0.279
2 0.288
2 0.297
2 0.306
2 0.315
2 0.324
2 0.333
2 0.342
2 0.351
2 0.36
2 0.369
2 0.378
2 0.387
2 0.396
2 0.405
2 0.414
2 0.423
2 0.432
2 0.441
2 0.45
2 0.459
2 0.468
2 0.477
2 0.486
2 0.495
2 0.504
2 0.513
2 0.522
2 0.531
2 0.54
2 0.549
2 0.558
2 0.567
2 0.576
2 0.585
2 0.594
2 0.603
2 0.612
2 0.621
2 0.63
2 0.639
2 0.648
2 0.657
2 0.666
2 0.675
2 0.684
2 0.693
2 0.702
2 0.711
2 0.72
2 0.729
2 0.738
2 0.747
2 0.756
2 0.765
2 0.774
2 0.783
2 0.792
2 0.801
2 0.81
2 0.819
2 0.828
2 0.837
2 0.846
2 0.855
2 0.864
2 0.873
2 0.882
2 0.891
2 0.9
2 0.909
2 0.918
2 0.927
2 0.936
2 0.945
2 0.954
2 0.963
2 0.972
2 0.981
2 0.99
2 0.999
2 1.008
2 1.017
2 1.026
2 1.035
2 1.044
2 1.053
2 1.062
2 1.071
2 1.08
2 1.089
2 1.098
2 1.107
2 1.116
2 1.125
2 1.134
2 1.143
2 1.152
2 1.161
2 1.17
2 1.179
2 1.188
2 1.197
2 1.206
2 1.215
2 1.224
2 1.233
2 1.242
2 1.251
2 1.26
2 1.269
2 1.278
2 1.287
2 1.296
2 1.305
2 1.314
2 1.323
2 1.332
2 1.341
2 1.35
2 1.359
2 1.368
2 1.377
2 1.386
2 1.395
2 1.404
2 1.413
2 1.422
2 1.431
2 1.44
2 1.449
2 1.458
2 1.467
2 1.476
2 1.485
2 1.494
2 1.503
2 1.512
2 1.521
2 1.53
2 1.539
2 1.548
2 1.557
2 1.566
2 1.575
2 1.584
2 1.593
2 1.602
2 1.611
2 1.62
2 1.629
2 1.638
2 1.647
2 1.656
2 1.665
2 1.674
2 1.683
2 1.692
2 1.701
2 1.71
2 1.719
2 1.728
2 1.737
2 1.746
2 1.755
2 1.764
2 1.773
2 1.782
2 1.791
2 1.8
2 1.809
2 1.818
2 1.827
2 1.836
2 1.845
2 1.854
2 1.863
2 1.872
2 1.881
2 1.89
2 1.899
2 1.908
2 1.917
2 1.926
2 1.935
2 1.944
2 1.953
2 1.962
2 1.971
2 1.98
2 1.989
2 1.998
2 2.007
2 2.016
2 2.025
2 2.034
2 2.043
2 2.052
2 2.061
2 2.07
2 2.079
2 2.088
2 2.097
2 2.106
2 2.115
2 2.124
2 2.133
2 2.142
2 2.151
2 2.16
2 2.169
2 2.178
2 2.187
2 2.196
2 2.205
2 2.214
2 2.223
2 2.232
2 2.241
2 2.25
2 2.259
2 2.268
2 2.277
2 2.286
2 2.295
2 2.304
2 2.313
2 2.322
2 2.331
2 2.34
2 2.349
2 2.358
2 2.367
2 2.376
2 2.385
2 2.394
2 2.403
2 2.412
2 2.421
2 2.43
2 2.439
2 2.448
2 2.457
2 2.466
2 2.475
2 2.484
2 2.493
2 2.502
2 2.511
2 2.52
2 2.529
2 2.538
2 2.547
2 2.556
2 2.565
2 2.574
2 2.583
2 2.592
2 2.601
2 2.61
2 2.619
2 2.628
2 2.637
2 2.646
2 2.655
2 2.664
2 2.673
2 2.682
2 2.691
2 2.7
2 2.709
2 2.718
2 2.727
2 2.736
2 2.745
2 2.754
2 2.763
2 2.772
2 2.781
2 2.79
2 2.799
2 2.808
2 2.817
2 2.826
2 2.835
2 2.844
2 2.853
2 2.862
2 2.871
2 2.88
2 2.889
2 2.898
2 2.907
2 2.916
2 2.925
2 2.934
2 2.943
2 2.952
2 2.961
2 2.97
2 2.979
2 2.988
2 2.997
2 3.006
2 3.015
2 3.024
2 3.033
2 3.042
2 3.051
2 3.06
2 3.069
2 3.078
2 3.087
2 3.096
2 3.105
2 3.114
2 3.123
2 3.132
2 3.141
2 3.15
2 3.159
2 3.168
2 3.177
2 3.186
2 3.195
2 3.204
2 3.213
2 3.222
2 3.231
2 3.24
2 3.249
2 3.258
2 3.267
2 3.276
2 3.285
2 3.294
2 3.303
2 3.312
2 3.321
2 3.33
2 3.339
2 3.348
2 3.357
2 3.366
2 3.375
2 3.384
2 3.393
2 3.402
2 3.411
2 3.42
2 3.429
2 3.438
2 3.447
2 3.456
2 3.465
2 3.474
2 3.483
2 3.492
2 3.501
2 3.51
2 3.519
2 3.528
2 3.537
2 3.546
2 3.555
2 3.564
2 3.573
2 3.582
2 3.591
2 3.6
2 3.609
2 3.618
2 3.627
2 3.636
2 3.645
2 3.654
2 3.663
2 3.672
2 3.681
2 3.69
2 3.699
2 3.708
2 3.717
2 3.726
2 3.735
2 3.744
2 3.753
2 3.762
2 3.771
2 3.78
2 3.789
2 3.798
2 3.807
2 3.816
2 3.825
2 3.834
2 3.843
2 3.852
2 3.861
2 3.87
2 3.879
2 3.888
2 3.897
2 3.906
2 3.915
2 3.924
2 3.933
2 3.942
2 3.951
2 3.96
2 3.969
2 3.978
2 3.987
2 3.996
2 4.005
2 4.014
2 4.023
2 4.032
2 4.041
2 4.05
2 4.059
2 4.068
2 4.077
2 4.086
2 4.095
2 4.104
2 4.113
2 4.122
2 4.131
2 4.14
2 4.149
2 4.158
2 4.167
2 4.176
2 4.185
2 4.194
2 4.203
2 4.212
2 4.221
2 4.23
2 4.239
2 4.248
2 4.257
2 4.266
2 4.275
2 4.284
2 4.293
2 4.302
2 4.311
2 4.32
2 4.329
2 4.338
2 4.347
2 4.356
2 4.365
2 4.374
2 4.383
2 4.392
2 4.401
2 4.41
2 4.419
2 4.428
2 4.437
2 4.446
2 4.455
2 4.464
2 4.473
2 4.482
2 4.491
2 4.5
2 4.509
2 4.518
2 4.527
2 4.536
2 4.545
2 4.554
2 4.563
2 4.572
2 4.581
2 4.59
2 4.599
2 4.608
2 4.617
2 4.626
2 4.635
2 4.644
2 4.653
2 4.662
2 4.671
2 4.68
2 4.689
2 4.698
2 4.707
2 4.716
2 4.725
2 4.734
2 4.743
2 4.752
2 4.761
2 4.77
2 4.779
2 4.788
2 4.797
2 4.806
2 4.815
2 4.824
2 4.833
2 4.842
2 4.851
2 4.86
2 4.869
2 4.878
2 4.887
2 4.896
2 4.905
2 4.914
2 4.923
2 4.932
2 4.941
2 4.95
2 4.959
2 4.968
2 4.977
2 4.986
2 4.995
2 5.004
2 5.013
2 5.022
2 5.031
2 5.04
2 5.049
2 5.058
2 5.067
2 5.076
2 5.085
2 5.094
2 5.103
2 5.112
2 5.121
2 5.13
2 5.139
2 5.148
2 5.157
2 5.166
2 5.175
2 5.184
2 5.193
2 5.202
2 5.211
2 5.22
2 5.229
2 5.238
2 5.247
2 5.256
2 5.265
2 5.274
2 5.283
2 5.292
2 5.301
2 5.31
2 5.319
2 5.328
2 5.337
2 5.346
2 5.355
2 5.364
2 5.373
2 5.382
2 5.391
2 5.4
2 5.409
2 5.418
2 5.427
2 5.436
2 5.445
2 5.454
2 5.463
2 5.472
2 5.481
2 5.49
2 5.499
2 5.508
2 5.517
2 5.526
2 5.535
2 5.544
2 5.553
2 5.562
2 5.571
2 5.58
2 5.589
2 5.598
2 5.607
2 5.616
2 5.625
2 5.634
2 5.643
2 5.652
2 5.661
2 5.67
2 5.679
2 5.688
2 5.697
2 5.706
2 5.715
2 5.724
2 5.733
2 5.742
2 5.751
2 5.76
2 5.769
2 5.778
2 5.787
2 5.796
2 5.805
2 5.814
2 5.823
2 5.832
2 5.841
2 5.85
2 5.859
2 5.868
2 5.877
2 5.886
2 5.895
2 5.904
2 5.913
2 5.922
2 5.931
2 5.94
2 5.949
2 5.958
2 5.967
2 5.976
2 5.985
2 5.994
2 6.003
2 6.012
2 6.021
2 6.03
2 6.039
2 6.048
2 6.057
2 6.066
2 6.075
2 6.084
2 6.093
2 6.102
2 6.111
2 6.12
2 6.129
2 6.138
2 6.147
2 6.156
2 6.165
2 6.174
2 6.183
2 6.192
2 6.201
2 6.21
2 6.219
2 6.228
2 6.237
2 6.246
2 6.255
2 6.264
2 6.273
2 6.282
2 6.291
2 6.3
2 6.309
2 6.318
2 6.327
2 6.336
2 6.345
2 6.354
2 6.363
2 6.372
2 6.381
2 6.39
2 6.399
2 6.408
2 6.417
2 6.426
2 6.435
2 6.444
2 6.453
2 6.462
2 6.471
2 6.48
2 6.489
2 6.498
2 6.507
2 6.516
2 6.525
2 6.534
2 6.543
2 6.552
2 6.561
2 6.57
2 6.579
2 6.588
2 6.597
2 6.606
2 6.615
2 6.624
2 6.633
2 6.642
2 6.651
2 6.66
2 6.669
2 6.678
2 6.687
2 6.696
2 6.705
2 6.714
2 6.723
2 6.732
2 6.741
2 6.75
2 6.759
2 6.768
2 6.777
2 6.786
2 6.795
2 6.804
2 6.813
2 6.822
2 6.831
2 6.84
2 6.849
2 6.858
2 6.867
2 6.876
2 6.885
2 6.894
2 6.903
2 6.912
2 6.921
2 6.93
2 6.939
2 6.948
2 6.957
2 6.966
2 6.975
2 6.984
2 6.993
2 7.002
2 7.011
2 7.02
2 7.029
2 7.038
2 7.047
2 7.056
2 7.065
2 7.074
2 7.083
2 7.092
2 7.101
2 7.11
2 7.119
2 7.128
2 7.137
2 7.146
2 7.155
2 7.164
2 7.173
2 7.182
2 7.191
2 7.2
2 7.209
2 7.218
2 7.227
2 7.236
2 7.245
2 7.254
2 7.263
2 7.272
2 7.281
2 7.29
2 7.299
2 7.308
2 7.317
2 7.326
2 7.335
2 7.344
2 7.353
2 7.362
2 7.371
2 7.38
2 7.389
2 7.398
2 7.407
2 7.416
2 7.425
2 7.434
2 7.443
2 7.452
2 7.461
2 7.47
2 7.479
2 7.488
2 7.497
2 7.506
2 7.515
2 7.524
2 7.533
2 7.542
2 7.551
2 7.56
2 7.569
2 7.578
2 7.587
2 7.596
2 7.605
2 7.614
2 7.623
2 7.632
2 7.641
2 7.65
2 7.659
2 7.668
2 7.677
2 7.686
2 7.695
2 7.704
2 7.713
2 7.722
2 7.731
2 7.74
2 7.749
2 7.758
2 7.767
2 7.776
2 7.785
2 7.794
2 7.803
2 7.812
2 7.821
2 7.83
2 7.839
2 7.848
2 7.857
2 7.866
2 7.875
2 7.884
2 7.893
2 7.902
2 7.911
2 7.92
2 7.929
2 7.938
2 7.947
2 7.956
2 7.965
2 7.974
2 7.983
2 7.992
2 8.001
2 8.01
2 8.019
2 8.028
2 8.037
2 8.046
2 8.055
2 8.064
2 8.073
2 8.082
2 8.091
2 8.1
2 8.109
2 8.118
2 8.127
2 8.136
2 8.145
2 8.154
2 8.163
2 8.172
2 8.181
2 8.19
2 8.199
2 8.208
2 8.217
2 8.226
2 8.235
2 8.244
2 8.253
2 8.262
2 8.271
2 8.28
2 8.289
2 8.298
2 8.307
2 8.316
2 8.325
2 8.334
2 8.343
2 8.352
2 8.361
2 8.37
2 8.379
2 8.388
2 8.397
2 8.406
2 8.415
2 8.424
2 8.433
2 8.442
2 8.451
2 8.46
2 8.469
2 8.478
2 8.487
2 8.496
2 8.505
2 8.514
2 8.523
2 8.532
2 8.541
2 8.55
2 8.559
2 8.568
2 8.577
2 8.586
2 8.595
2 8.604
2 8.613
2 8.622
2 8.631
2 8.64
2 8.649
2 8.658
2 8.667
2 8.676
2 8.685
2 8.694
2 8.703
2 8.712
2 8.721
2 8.73
2 8.739
2 8.748
2 8.757
2 8.766
2 8.775
2 8.784
2 8.793
2 8.802
2 8.811
2 8.82
2 8.829
2 8.838
2 8.847
2 8.856
2 8.865
2 8.874
2 8.883
2 8.892
2 8.901
2 8.91
2 8.919
2 8.928
2 8.937
2 8.946
2 8.955
2 8.964
2 8.973
2 8.982
2 8.991
2 9
3 0
3 0.009
3 0.018
3 0.027
3 0.036
3 0.045
3 0.054
3 0.063
3 0.072
3 0.081
3 0.09
3 0.099
3 0.108
3 0.117
3 0.126
3 0.135
3 0.144
3 0.153
3 0.162
3 0.171
3 0.18
3 0.189
3 0.198
3 0.207
3 0.216
3 0.225
3 0.234
3 0.243
3 0.252
3 0.261
3 0.27
3 0.279
3 0.288
3 0.297
3 0.306
3 0.315
3 0.324
3 0.333
3 0.342
3 0.351
3 0.36
3 0.369
3 0.378
3 0.387
3 0.396
3 0.405
3 0.414
3 0.423
3 0.432
3 0.441
3 0.45
3 0.459
3 0.468
3 0.477
3 0.486
3 0.495
3 0.504
3 0.513
3 0.522
3 0.531
3 0.54
3 0.549
3 0.558
3 0.567
3 0.576
3 0.585
3 0.594
3 0.603
3 0.612
3 0.621
3 0.63
3 0.639
3 0.648
3 0.657
3 0.666
3 0.675
3 0.684
3 0.693
3 0.702
3 0.711
3 0.72
3 0.729
3 0.738
3 0.747
3 0.756
3 0.765
3 0.774
3 0.783
3 0.792
3 0.801
3 0.81
3 0.819
3 0.828
3 0.837
3 0.846
3 0.855
3 0.864
3 0.873
3 0.882
3 0.891
3 0.9
3 0.909
3 0.918
3 0.927
3 0.936
3 0.945
3 0.954
3 0.963
3 0.972
3 0.981
3 0.99
3 0.999
3 1.008
3 1.017
3 1.026
3 1.035
3 1.044
3 1.053
3 1.062
3 1.071
3 1.08
3 1.089
3 1.098
3 1.107
3 1.116
3 1.125
3 1.134
3 1.143
3 1.152
3 1.161
3 1.17
3 1.179
3 1.188
3 1.197
3 1.206
3 1.215
3 1.224
3 1.233
3 1.242
3 1.251
3 1.26
3 1.269
3 1.278
3 1.287
3 1.296
3 1.305
3 1.314
3 1.323
3 1.332
3 1.341
3 1.35
3 1.359
3 1.368
3 1.377
3 1.386
3 1.395
3 1.404
3 1.413
3 1.422
3 1.431
3 1.44
3 1.449
3 1.458
3 1.467
3 1.476
3 1.485
3 1.494
3 1.503
3 1.512
3 1.521
3 1.53
3 1.539
3 1.548
3 1.557
3 1.566
3 1.575
3 1.584
3 1.593
3 1.602
3 1.611
3 1.62
3 1.629
3 1.638
3 1.647
3 1.656
3 1.665
3 1.674
3 1.683
3 1.692
3 1.701
3 1.71
3 1.719
3 1.728
3 1.737
3 1.746
3 1.755
3 1.764
3 1.773
3 1.782
3 1.791
3 1.8
3 1.809
3 1.818
3 1.827
3 1.836
3 1.845
3 1.854
3 1.863
3 1.872
3 1.881
3 1.89
3 1.899
3 1.908
3 1.917
3 1.926
3 1.935
3 1.944
3 1.953
3 1.962
3 1.971
3 1.98
3 1.989
3 1.998
3 2.007
3 2.016
3 2.025
3 2.034
3 2.043
3 2.052
3 2.061
3 2.07
3 2.079
3 2.088
3 2.097
3 2.106
3 2.115
3 2.124
3 2.133
3 2.142
3 2.151
3 2.16
3 2.169
3 2.178
3 2.187
3 2.196
3 2.205
3 2.214
3 2.223
3 2.232
3 2.241
3 2.25
3 2.259
3 2.268
3 2.277
3 2.286
3 2.295
3 2.304
3 2.313
3 2.322
3 2.331
3 2.34
3 2.349
3 2.358
3 2.367
3 2.376
3 2.385
3 2.394
3 2.403
3 2.412
3 2.421
3 2.43
3 2.439
3 2.448
3 2.457
3 2.466
3 2.475
3 2.484
3 2.493
3 2.502
3 2.511
3 2.52
3 2.529
3 2.538
3 2.547
3 2.556
3 2.565
3 2.574
3 2.583
3 2.592
3 2.601
3 2.61
3 2.619
3 2.628
3 2.637
3 2.646
3 2.655
3 2.664
3 2.673
3 2.682
3 2.691
3 2.7
3 2.709
3 2.718
3 2.727
3 2.736
3 2.745
3 2.754
3 2.763
3 2.772
3 2.781
3 2.79
3 2.799
3 2.808
3 2.817
3 2.826
3 2.835
3 2.844
3 2.853
3 2.862
3 2.871
3 2.88
3 2.889
3 2.898
3 2.907
3 2.916
3 2.925
3 2.934
3 2.943
3 2.952
3 2.961
3 2.97
3 2.979
3 2.988
3 2.997
3 3.006
3 3.015
3 3.024
3 3.033
3 3.042
3 3.051
3 3.06
3 3.069
3 3.078
3 3.087
3 3.096
3 3.105
3 3.114
3 3.123
3 3.132
3 3.141
3 3.15
3 3.159
3 3.168
3 3.177
3 3.186
3 3.195
3 3.204
3 3.213
3 3.222
3 3.231
3 3.24
3 3.249
3 3.258
3 3.267
3 3.276
3 3.285
3 3.294
3 3.303
3 3.312
3 3.321
3 3.33
3 3.339
3 3.348
3 3.357
3 3.366
3 3.375
3 3.384
3 3.393
3 3.402
3 3.411
3 3.42
3 3.429
3 3.438
3 3.447
3 3.456
3 3.465
3 3.474
3 3.483
3 3.492
3 3.501
3 3.51
3 3.519
3 3.528
3 3.537
3 3.546
3 3.555
3 3.564
3 3.573
3 3.582
3 3.591
3 3.6
3 3.609
3 3.618
3 3.627
3 3.636
3 3.645
3 3.654
3 3.663
3 3.672
3 3.681
3 3.69
3 3.699
3 3.708
3 3.717
3 3.726
3 3.735
3 3.744
3 3.753
3 3.762
3 3.771
3 3.78
3 3.789
3 3.798
3 3.807
3 3.816
3 3.825
3 3.834
3 3.843
3 3.852
3 3.861
3 3.87
3 3.879
3 3.888
3 3.897
3 3.906
3 3.915
3 3.924
3 3.933
3 3.942
3 3.951
3 3.96
3 3.969
3 3.978
3 3.987
3 3.996
3 4.005
3 4.014
3 4.023
3 4.032
3 4.041
3 4.05
3 4.059
3 4.068
3 4.077
3 4.086
3 4.095
3 4.104
3 4.113
3 4.122
3 4.131
3 4.14
3 4.149
3 4.158
3 4.167
3 4.176
3 4.185
3 4.194
3 4.203
3 4.212
3 4.221
3 4.23
3 4.239
3 4.248
3 4.257
3 4.266
3 4.275
3 4.284
3 4.293
3 4.302
3 4.311
3 4.32
3 4.329
3 4.338
3 4.347
3 4.356
3 4.365
3 4.374
3 4.383
3 4.392
3 4.401
3 4.41
3 4.419
3 4.428
3 4.437
3 4.446
3 4.455
3 4.464
3 4.473
3 4.482
3 4.491
3 4.5
3 4.509
3 4.518
3 4.527
3 4.536
3 4.545
3 4.554
3 4.563
3 4.572
3 4.581
3 4.59
3 4.599
3 4.608
3 4.617
3 4.626
3 4.635
3 4.644
3 4.653
3 4.662
3 4.671
3 4.68
3 4.689
3 4.698
3 4.707
3 4.716
3 4.725
3 4.734
3 4.743
3 4.752
3 4.761
3 4.77
3 4.779
3 4.788
3 4.797
3 4.806
3 4.815
3 4.824
3 4.833
3 4.842
3 4.851
3 4.86
3 4.869
3 4.878
3 4.887
3 4.896
3 4.905
3 4.914
3 4.923
3 4.932
3 4.941
3 4.95
3 4.959
3 4.968
3 4.977
3 4.986
3 4.995
3 5.004
3 5.013
3 5.022
3 5.031
3 5.04
3 5.049
3 5.058
3 5.067
3 5.076
3 5.085
3 5.094
3 5.103
3 5.112
3 5.121
3 5.13
3 5.139
3 5.148
3 5.157
3 5.166
3 5.175
3 5.184
3 5.193
3 5.202
3 5.211
3 5.22
3 5.229
3 5.238
3 5.247
3 5.256
3 5.265
3 5.274
3 5.283
3 5.292
3 5.301
3 5.31
3 5.319
3 5.328
3 5.337
3 5.346
3 5.355
3 5.364
3 5.373
3 5.382
3 5.391
3 5.4
3 5.409
3 5.418
3 5.427
3 5.436
3 5.445
3 5.454
3 5.463
3 5.472
3 5.481
3 5.49
3 5.499
3 5.508
3 5.517
3 5.526
3 5.535
3 5.544
3 5.553
3 5.562
3 5.571
3 5.58
3 5.589
3 5.598
3 5.607
3 5.616
3 5.625
3 5.634
3 5.643
3 5.652
3 5.661
3 5.67
3 5.679
3 5.688
3 5.697
3 5.706
3 5.715
3 5.724
3 5.733
3 5.742
3 5.751
3 5.76
3 5.769
3 5.778
3 5.787
3 5.796
3 5.805
3 5.814
3 5.823
3 5.832
3 5.841
3 5.85
3 5.859
3 5.868
3 5.877
3 5.886
3 5.895
3 5.904
3 5.913
3 5.922
3 5.931
3 5.94
3 5.949
3 5.958
3 5.967
3 5.976
3 5.985
3 5.994
3 6.003
3 6.012
3 6.021
3 6.03
3 6.039
3 6.048
3 6.057
3 6.066
3 6.075
3 6.084
3 6.093
3 6.102
3 6.111
3 6.12
3 6.129
3 6.138
3 6.147
3 6.156
3 6.165
3 6.174
3 6.183
3 6.192
3 6.201
3 6.21
3 6.219
3 6.228
3 6.237
3 6.246
3 6.255
3 6.264
3 6.273
3 6.282
3 6.291
3 6.3
3 6.309
3 6.318
3 6.327
3 6.336
3 6.345
3 6.354
3 6.363
3 6.372
3 6.381
3 6.39
3 6.399
3 6.408
3 6.417
3 6.426
3 6.435
3 6.444
3 6.453
3 6.462
3 6.471
3 6.48
3 6.489
3 6.498
3 6.507
3 6.516
3 6.525
3 6.534
3 6.543
3 6.552
3 6.561
3 6.57
3 6.579
3 6.588
3 6.597
3 6.606
3 6.615
3 6.624
3 6.633
3 6.642
3 6.651
3 6.66
3 6.669
3 6.678
3 6.687
3 6.696
3 6.705
3 6.714
3 6.723
3 6.732
3 6.741
3 6.75
3 6.759
3 6.768
3 6.777
3 6.786
3 6.795
3 6.804
3 6.813
3 6.822
3 6.831
3 6.84
3 6.849
3 6.858
3 6.867
3 6.876
3 6.885
3 6.894
3 6.903
3 6.912
3 6.921
3 6.93
3 6.939
3 6.948
3 6.957
3 6.966
3 6.975
3 6.984
3 6.993
3 7.002
3 7.011
3 7.02
3 7.029
3 7.038
3 7.047
3 7.056
3 7.065
3 7.074
3 7.083
3 7.092
3 7.101
3 7.11
3 7.119
3 7.128
3 7.137
3 7.146
3 7.155
3 7.164
3 7.173
3 7.182
3 7.191
3 7.2
3 7.209
3 7.218
3 7.227
3 7.236
3 7.245
3 7.254
3 7.263
3 7.272
3 7.281
3 7.29
3 7.299
3 7.308
3 7.317
3 7.326
3 7.335
3 7.344
3 7.353
3 7.362
3 7.371
3 7.38
3 7.389
3 7.398
3 7.407
3 7.416
3 7.425
3 7.434
3 7.443
3 7.452
3 7.461
3 7.47
3 7.479
3 7.488
3 7.497
3 7.506
3 7.515
3 7.524
3 7.533
3 7.542
3 7.551
3 7.56
3 7.569
3 7.578
3 7.587
3 7.596
3 7.605
3 7.614
3 7.623
3 7.632
3 7.641
3 7.65
3 7.659
3 7.668
3 7.677
3 7.686
3 7.695
3 7.704
3 7.713
3 7.722
3 7.731
3 7.74
3 7.749
3 7.758
3 7.767
3 7.776
3 7.785
3 7.794
3 7.803
3 7.812
3 7.821
3 7.83
3 7.839
3 7.848
3 7.857
3 7.866
3 7.875
3 7.884
3 7.893
3 7.902
3 7.911
3 7.92
3 7.929
3 7.938
3 7.947
3 7.956
3 7.965
3 7.974
3 7.983
3 7.992
3 8.001
3 8.01
3 8.019
3 8.028
3 8.037
3 8.046
3 8.055
3 8.064
3 8.073
3 8.082
3 8.091
3 8.1
3 8.109
3 8.118
3 8.127
3 8.136
3 8.145
3 8.154
3 8.163
3 8.172
3 8.181
3 8.19
3 8.199
3 8.208
3 8.217
3 8.226
3 8.235
3 8.244
3 8.253
3 8.262
3 8.271
3 8.28
3 8.289
3 8.298
3 8.307
3 8.316
3 8.325
3 8.334
3 8.343
3 8.352
3 8.361
3 8.37
3 8.379
3 8.388
3 8.397
3 8.406
3 8.415
3 8.424
3 8.433
3 8.442
3 8.451
3 8.46
3 8.469
3 8.478
3 8.487
3 8.496
3 8.505
3 8.514
3 8.523
3 8.532
3 8.541
3 8.55
3 8.559
3 8.568
3 8.577
3 8.586
3 8.595
3 8.604
3 8.613
3 8.622
3 8.631
3 8.64
3 8.649
3 8.658
3 8.667
3 8.676
3 8.685
3 8.694
3 8.703
3 8.712
3 8.721
3 8.73
3 8.739
3 8.748
3 8.757
3 8.766
3 8.775
3 8.784
3 8.793
3 8.802
3 8.811
3 8.82
3 8.829
3 8.838
3 8.847
3 8.856
3 8.865
3 8.874
3 8.883
3 8.892
3 8.901
3 8.91
3 8.919
3 8.928
3 8.937
3 8.946
3 8.955
3 8.964
3 8.973
3 8.982
3 8.991
3 9
4 0
4 0.009
4 0.018
4 0.027
4 0.036
4 0.045
4 0.054
4 0.063
4 0.072
4 0.081
4 0.09
4 0.099
4 0.108
4 0.117
4 0.126
4 0.135
4 0.144
4 0.153
4 0.162
4 0.171
4 0.18
4 0.189
4 0.198
4 0.207
4 0.216
4 0.225
4 0.234
4 0.243
4 0.252
4 0.261
4 0.27
4 0.279
4 0.288
4 0.297
4 0.306
4 0.315
4 0.324
4 0.333
4 0.342
4 0.351
4 0.36
4 0.369
4 0.378
4 0.387
4 0.396
4 0.405
4 0.414
4 0.423
4 0.432
4 0.441
4 0.45
4 0.459
4 0.468
4 0.477
4 0.486
4 0.495
4 0.504
4 0.513
4 0.522
4 0.531
4 0.54
4 0.549
4 0.558
4 0.567
4 0.576
4 0.585
4 0.594
4 0.603
4 0.612
4 0.621
4 0.63
4 0.639
4 0.648
4 0.657
4 0.666
4 0.675
4 0.684
4 0.693
4 0.702
4 0.711
4 0.72
4 0.729
4 0.738
4 0.747
4 0.756
4 0.765
4 0.774
4 0.783
4 0.792
4 0.801
4 0.81
4 0.819
4 0.828
4 0.837
4 0.846
4 0.855
4 0.864
4 0.873
4 0.882
4 0.891
4 0.9
4 0.909
4 0.918
4 0.927
4 0.936
4 0.945
4 0.954
4 0.963
4 0.972
4 0.981
4 0.99
4 0.999
4 1.008
4 1.017
4 1.026
4 1.035
4 1.044
4 1.053
4 1.062
4 1.071
4 1.08
4 1.089
4 1.098
4 1.107
4 1.116
4 1.125
4 1.134
4 1.143
4 1.152
4 1.161
4 1.17
4 1.179
4 1.188
4 1.197
4 1.206
4 1.215
4 1.224
4 1.233
4 1.242
4 1.251
4 1.26
4 1.269
4 1.278
4 1.287
4 1.296
4 1.305
4 1.314
4 1.323
4 1.332
4 1.341
4 1.35
4 1.359
4 1.368
4 1.377
4 1.386
4 1.395
4 1.404
4 1.413
4 1.422
4 1.431
4 1.44
4 1.449
4 1.458
4 1.467
4 1.476
4 1.485
4 1.494
4 1.503
4 1.512
4 1.521
4 1.53
4 1.539
4 1.548
4 1.557
4 1.566
4 1.575
4 1.584
4 1.593
4 1.602
4 1.611
4 1.62
4 1.629
4 1.638
4 1.647
4 1.656
4 1.665
4 1.674
4 1.683
4 1.692
4 1.701
4 1.71
4 1.719
4 1.728
4 1.737
4 1.746
4 1.755
4 1.764
4 1.773
4 1.782
4 1.791
4 1.8
4 1.809
4 1.818
4 1.827
4 1.836
4 1.845
4 1.854
4 1.863
4 1.872
4 1.881
4 1.89
4 1.899
4 1.908
4 1.917
4 1.926
4 1.935
4 1.944
4 1.953
4 1.962
4 1.971
4 1.98
4 1.989
4 1.998
4 2.007
4 2.016
4 2.025
4 2.034
4 2.043
4 2.052
4 2.061
4 2.07
4 2.079
4 2.088
4 2.097
4 2.106
4 2.115
4 2.124
4 2.133
4 2.142
4 2.151
4 2.16
4 2.169
4 2.178
4 2.187
4 2.196
4 2.205
4 2.214
4 2.223
4 2.232
4 2.241
4 2.25
4 2.259
4 2.268
4 2.277
4 2.286
4 2.295
4 2.304
4 2.313
4 2.322
4 2.331
4 2.34
4 2.349
4 2.358
4 2.367
4 2.376
4 2.385
4 2.394
4 2.403
4 2.412
4 2.421
4 2.43
4 2.439
4 2.448
4 2.457
4 2.466
4 2.475
4 2.484
4 2.493
4 2.502
4 2.511
4 2.52
4 2.529
4 2.538
4 2.547
4 2.556
4 2.565
4 2.574
4 2.583
4 2.592
4 2.601
4 2.61
4 2.619
4 2.628
4 2.637
4 2.646
4 2.655
4 2.664
4 2.673
4 2.682
4 2.691
4 2.7
4 2.709
4 2.718
4 2.727
4 2.736
4 2.745
4 2.754
4 2.763
4 2.772
4 2.781
4 2.79
4 2.799
4 2.808
4 2.817
4 2.826
4 2.835
4 2.844
4 2.853
4 2.862
4 2.871
4 2.88
4 2.889
4 2.898
4 2.907
4 2.916
4 2.925
4 2.934
4 2.943
4 2.952
4 2.961
4 2.97
4 2.979
4 2.988
4 2.997
4 3.006
4 3.015
4 3.024
4 3.033
4 3.042
4 3.051
4 3.06
4 3.069
4 3.078
4 3.087
4 3.096
4 3.105
4 3.114
4 3.123
4 3.132
4 3.141
4 3.15
4 3.159
4 3.168
4 3.177
4 3.186
4 3.195
4 3.204
4 3.213
4 3.222
4 3.231
4 3.24
4 3.249
4 3.258
4 3.267
4 3.276
4 3.285
4 3.294
4 3.303
4 3.312
4 3.321
4 3.33
4 3.339
4 3.348
4 3.357
4 3.366
4 3.375
4 3.384
4 3.393
4 3.402
4 3.411
4 3.42
4 3.429
4 3.438
4 3.447
4 3.456
4 3.465
4 3.474
4 3.483
4 3.492
4 3.501
4 3.51
4 3.519
4 3.528
4 3.537
4 3.546
4 3.555
4 3.564
4 3.573
4 3.582
4 3.591
4 3.6
4 3.609
4 3.618
4 3.627
4 3.636
4 3.645
4 3.654
4 3.663
4 3.672
4 3.681
4 3.69
4 3.699
4 3.708
4 3.717
4 3.726
4 3.735
4 3.744
4 3.753
4 3.762
4 3.771
4 3.78
4 3.789
4 3.798
4 3.807
4 3.816
4 3.825
4 3.834
4 3.843
4 3.852
4 3.861
4 3.87
4 3.879
4 3.888
4 3.897
4 3.906
4 3.915
4 3.924
4 3.933
4 3.942
4 3.951
4 3.96
4 3.969
4 3.978
4 3.987
4 3.996
4 4.005
4 4.014
4 4.023
4 4.032
4 4.041
4 4.05
4 4.059
4 4.068
4 4.077
4 4.086
4 4.095
4 4.104
4 4.113
4 4.122
4 4.131
4 4.14
4 4.149
4 4.158
4 4.167
4 4.176
4 4.185
4 4.194
4 4.203
4 4.212
4 4.221
4 4.23
4 4.239
4 4.248
4 4.257
4 4.266
4 4.275
4 4.284
4 4.293
4 4.302
4 4.311
4 4.32
4 4.329
4 4.338
4 4.347
4 4.356
4 4.365
4 4.374
4 4.383
4 4.392
4 4.401
4 4.41
4 4.419
4 4.428
4 4.437
4 4.446
4 4.455
4 4.464
4 4.473
4 4.482
4 4.491
4 4.5
4 4.509
4 4.518
4 4.527
4 4.536
4 4.545
4 4.554
4 4.563
4 4.572
4 4.581
4 4.59
4 4.599
4 4.608
4 4.617
4 4.626
4 4.635
4 4.644
4 4.653
4 4.662
4 4.671
4 4.68
4 4.689
4 4.698
4 4.707
4 4.716
4 4.725
4 4.734
4 4.743
4 4.752
4 4.761
4 4.77
4 4.779
4 4.788
4 4.797
4 4.806
4 4.815
4 4.824
4 4.833
4 4.842
4 4.851
4 4.86
4 4.869
4 4.878
4 4.887
4 4.896
4 4.905
4 4.914
4 4.923
4 4.932
4 4.941
4 4.95
4 4.959
4 4.968
4 4.977
4 4.986
4 4.995
4 5.004
4 5.013
4 5.022
4 5.031
4 5.04
4 5.049
4 5.058
4 5.067
4 5.076
4 5.085
4 5.094
4 5.103
4 5.112
4 5.121
4 5.13
4 5.139
4 5.148
4 5.157
4 5.166
4 5.175
4 5.184
4 5.193
4 5.202
4 5.211
4 5.22
4 5.229
4 5.238
4 5.247
4 5.256
4 5.265
4 5.274
4 5.283
4 5.292
4 5.301
4 5.31
4 5.319
4 5.328
4 5.337
4 5.346
4 5.355
4 5.364
4 5.373
4 5.382
4 5.391
4 5.4
4 5.409
4 5.418
4 5.427
4 5.436
4 5.445
4 5.454
4 5.463
4 5.472
4 5.481
4 5.49
4 5.499
4 5.508
4 5.517
4 5.526
4 5.535
4 5.544
4 5.553
4 5.562
4 5.571
4 5.58
4 5.589
4 5.598
4 5.607
4 5.616
4 5.625
4 5.634
4 5.643
4 5.652
4 5.661
4 5.67
4 5.679
4 5.688
4 5.697
4 5.706
4 5.715
4 5.724
4 5.733
4 5.742
4 5.751
4 5.76
4 5.769
4 5.778
4 5.787
4 5.796
4 5.805
4 5.814
4 5.823
4 5.832
4 5.841
4 5.85
4 5.859
4 5.868
4 5.877
4 5.886
4 5.895
4 5.904
4 5.913
4 5.922
4 5.931
4 5.94
4 5.949
4 5.958
4 5.967
4 5.976
4 5.985
4 5.994
4 6.003
4 6.012
4 6.021
4 6.03
4 6.039
4 6.048
4 6.057
4 6.066
4 6.075
4 6.084
4 6.093
4 6.102
4 6.111
4 6.12
4 6.129
4 6.138
4 6.147
4 6.156
4 6.165
4 6.174
4 6.183
4 6.192
4 6.201
4 6.21
4 6.219
4 6.228
4 6.237
4 6.246
4 6.255
4 6.264
4 6.273
4 6.282
4 6.291
4 6.3
4 6.309
4 6.318
4 6.327
4 6.336
4 6.345
4 6.354
4 6.363
4 6.372
4 6.381
4 6.39
4 6.399
4 6.408
4 6.417
4 6.426
4 6.435
4 6.444
4 6.453
4 6.462
4 6.471
4 6.48
4 6.489
4 6.498
4 6.507
4 6.516
4 6.525
4 6.534
4 6.543
4 6.552
4 6.561
4 6.57
4 6.579
4 6.588
4 6.597
4 6.606
4 6.615
4 6.624
4 6.633
4 6.642
4 6.651
4 6.66
4 6.669
4 6.678
4 6.687
4 6.696
4 6.705
4 6.714
4 6.723
4 6.732
4 6.741
4 6.75
4 6.759
4 6.768
4 6.777
4 6.786
4 6.795
4 6.804
4 6.813
4 6.822
4 6.831
4 6.84
4 6.849
4 6.858
4 6.867
4 6.876
4 6.885
4 6.894
4 6.903
4 6.912
4 6.921
4 6.93
4 6.939
4 6.948
4 6.957
4 6.966
4 6.975
4 6.984
4 6.993
4 7.002
4 7.011
4 7.02
4 7.029
4 7.038
4 7.047
4 7.056
4 7.065
4 7.074
4 7.083
4 7.092
4 7.101
4 7.11
4 7.119
4 7.128
4 7.137
4 7.146
4 7.155
4 7.164
4 7.173
4 7.182
4 7.191
4 7.2
4 7.209
4 7.218
4 7.227
4 7.236
4 7.245
4 7.254
4 7.263
4 7.272
4 7.281
4 7.29
4 7.299
4 7.308
4 7.317
4 7.326
4 7.335
4 7.344
4 7.353
4 7.362
4 7.371
4 7.38
4 7.389
4 7.398
4 7.407
4 7.416
4 7.425
4 7.434
4 7.443
4 7.452
4 7.461
4 7.47
4 7.479
4 7.488
4 7.497
4 7.506
4 7.515
4 7.524
4 7.533
4 7.542
4 7.551
4 7.56
4 7.569
4 7.578
4 7.587
4 7.596
4 7.605
4 7.614
4 7.623
4 7.632
4 7.641
4 7.65
4 7.659
4 7.668
4 7.677
4 7.686
4 7.695
4 7.704
4 7.713
4 7.722
4 7.731
4 7.74
4 7.749
4 7.758
4 7.767
4 7.776
4 7.785
4 7.794
4 7.803
4 7.812
4 7.821
4 7.83
4 7.839
4 7.848
4 7.857
4 7.866
4 7.875
4 7.884
4 7.893
4 7.902
4 7.911
4 7.92
4 7.929
4 7.938
4 7.947
4 7.956
4 7.965
4 7.974
4 7.983
4 7.992
4 8.001
4 8.01
4 8.019
4 8.028
4 8.037
4 8.046
4 8.055
4 8.064
4 8.073
4 8.082
4 8.091
4 8.1
4 8.109
4 8.118
4 8.127
4 8.136
4 8.145
4 8.154
4 8.163
4 8.172
4 8.181
4 8.19
4 8.199
4 8.208
4 8.217
4 8.226
4 8.235
4 8.244
4 8.253
4 8.262
4 8.271
4 8.28
4 8.289
4 8.298
4 8.307
4 8.316
4 8.325
4 8.334
4 8.343
4 8.352
4 8.361
4 8.37
4 8.379
4 8.388
4 8.397
4 8.406
4 8.415
4 8.424
4 8.433
4 8.442
4 8.451
4 8.46
4 8.469
4 8.478
4 8.487
4 8.496
4 8.505
4 8.514
4 8.523
4 8.532
4 8.541
4 8.55
4 8.559
4 8.568
4 8.577
4 8.586
4 8.595
4 8.604
4 8.613
4 8.622
4 8.631
4 8.64
4 8.649
4 8.658
4 8.667
4 8.676
4 8.685
4 8.694
4 8.703
4 8.712
4 8.721
4 8.73
4 8.739
4 8.748
4 8.757
4 8.766
4 8.775
4 8.784
4 8.793
4 8.802
4 8.811
4 8.82
4 8.829
4 8.838
4 8.847
4 8.856
4 8.865
4 8.874
4 8.883
4 8.892
4 8.901
4 8.91
4 8.919
4 8.928
4 8.937
4 8.946
4 8.955
4 8.964
4 8.973
4 8.982
4 8.991
4 9
5 0
5 0.009
5 0.018
5 0.027
5 0.036
5 0.045
5 0.054
5 0.063
5 0.072
5 0.081
5 0.09
5 0.099
5 0.108
5 0.117
5 0.126
5 0.135
5 0.144
5 0.153
5 0.162
5 0.171
5 0.18
5 0.189
5 0.198
5 0.207
5 0.216
5 0.225
5 0.234
5 0.243
5 0.252
5 0.261
5 0.27
5 0.279
5 0.288
5 0.297
5 0.306
5 0.315
5 0.324
5 0.333
5 0.342
5 0.351
5 0.36
5 0.369
5 0.378
5 0.387
5 0.396
5 0.405
5 0.414
5 0.423
5 0.432
5 0.441
5 0.45
5 0.459
5 0.468
5 0.477
5 0.486
5 0.495
5 0.504
5 0.513
5 0.522
5 0.531
5 0.54
5 0.549
5 0.558
5 0.567
5 0.576
5 0.585
5 0.594
5 0.603
5 0.612
5 0.621
5 0.63
5 0.639
5 0.648
5 0.657
5 0.666
5 0.675
5 0.684
5 0.693
5 0.702
5 0.711
5 0.72
5 0.729
5 0.738
5 0.747
5 0.756
5 0.765
5 0.774
5 0.783
5 0.792
5 0.801
5 0.81
5 0.819
5 0.828
5 0.837
5 0.846
5 0.855
5 0.864
5 0.873
5 0.882
5 0.891
5 0.9
5 0.909
5 0.918
5 0.927
5 0.936
5 0.945
5 0.954
5 0.963
5 0.972
5 0.981
5 0.99
5 0.999
5 1.008
5 1.017
5 1.026
5 1.035
5 1.044
5 1.053
5 1.062
5 1.071
5 1.08
5 1.089
5 1.098
5 1.107
5 1.116
5 1.125
5 1.134
5 1.143
5 1.152
5 1.161
5 1.17
5 1.179
5 1.188
5 1.197
5 1.206
5 1.215
5 1.224
5 1.233
5 1.242
5 1.251
5 1.26
5 1.269
5 1.278
5 1.287
5 1.296
5 1.305
5 1.314
5 1.323
5 1.332
5 1.341
5 1.35
5 1.359
5 1.368
5 1.377
5 1.386
5 1.395
5 1.404
5 1.413
5 1.422
5 1.431
5 1.44
5 1.449
5 1.458
5 1.467
5 1.476
5 1.485
5 1.494
5 1.503
5 1.512
5 1.521
5 1.53
5 1.539
5 1.548
5 1.557
5 1.566
5 1.575
5 1.584
5 1.593
5 1.602
5 1.611
5 1.62
5 1.629
5 1.638
5 1.647
5 1.656
5 1.665
5 1.674
5 1.683
5 1.692
5 1.701
5 1.71
5 1.719
5 1.728
5 1.737
5 1.746
5 1.755
5 1.764
5 1.773
5 1.782
5 1.791
5 1.8
5 1.809
5 1.818
5 1.827
5 1.836
5 1.845
5 1.854
5 1.863
5 1.872
5 1.881
5 1.89
5 1.899
5 1.908
5 1.917
5 1.926
5 1.935
5 1.944
5 1.953
5 1.962
5 1.971
5 1.98
5 1.989
5 1.998
5 2.007
5 2.016
5 2.025
5 2.034
5 2.043
5 2.052
5 2.061
5 2.07
5 2.079
5 2.088
5 2.097
5 2.106
5 2.115
5 2.124
5 2.133
5 2.142
5 2.151
5 2.16
5 2.169
5 2.178
5 2.187
5 2.196
5 2.205
5 2.214
5 2.223
5 2.232
5 2.241
5 2.25
5 2.259
5 2.268
5 2.277
5 2.286
5 2.295
5 2.304
5 2.313
5 2.322
5 2.331
5 2.34
5 2.349
5 2.358
5 2.367
5 2.376
5 2.385
5 2.394
5 2.403
5 2.412
5 2.421
5 2.43
5 2.439
5 2.448
5 2.457
5 2.466
5 2.475
5 2.484
5 2.493
5 2.502
5 2.511
5 2.52
5 2.529
5 2.538
5 2.547
5 2.556
5 2.565
5 2.574
5 2.583
5 2.592
5 2.601
5 2.61
5 2.619
5 2.628
5 2.637
5 2.646
5 2.655
5 2.664
5 2.673
5 2.682
5 2.691
5 2.7
5 2.709
5 2.718
5 2.727
5 2.736
5 2.745
5 2.754
5 2.763
5 2.772
5 2.781
5 2.79
5 2.799
5 2.808
5 2.817
5 2.826
5 2.835
5 2.844
5 2.853
5 2.862
5 2.871
5 2.88
5 2.889
5 2.898
5 2.907
5 2.916
5 2.925
5 2.934
5 2.943
5 2.952
5 2.961
5 2.97
5 2.979
5 2.988
5 2.997
5 3.006
5 3.015
5 3.024
5 3.033
5 3.042
5 3.051
5 3.06
5 3.069
5 3.078
5 3.087
5 3.096
5 3.105
5 3.114
5 3.123
5 3.132
5 3.141
5 3.15
5 3.159
5 3.168
5 3.177
5 3.186
5 3.195
5 3.204
5 3.213
5 3.222
5 3.231
5 3.24
5 3.249
5 3.258
5 3.267
5 3.276
5 3.285
5 3.294
5 3.303
5 3.312
5 3.321
5 3.33
5 3.339
5 3.348
5 3.357
5 3.366
5 3.375
5 3.384
5 3.393
5 3.402
5 3.411
5 3.42
5 3.429
5 3.438
5 3.447
5 3.456
5 3.465
5 3.474
5 3.483
5 3.492
5 3.501
5 3.51
5 3.519
5 3.528
5 3.537
5 3.546
5 3.555
5 3.564
5 3.573
5 3.582
5 3.591
5 3.6
5 3.609
5 3.618
5 3.627
5 3.636
5 3.645
5 3.654
5 3.663
5 3.672
5 3.681
5 3.69
5 3.699
5 3.708
5 3.717
5 3.726
5 3.735
5 3.744
5 3.753
5 3.762
5 3.771
5 3.78
5 3.789
5 3.798
5 3.807
5 3.816
5 3.825
5 3.834
5 3.843
5 3.852
5 3.861
5 3.87
5 3.879
5 3.888
5 3.897
5 3.906
5 3.915
5 3.924
5 3.933
5 3.942
5 3.951
5 3.96
5 3.969
5 3.978
5 3.987
5 3.996
5 4.005
5 4.014
5 4.023
5 4.032
5 4.041
5 4.05
5 4.059
5 4.068
5 4.077
5 4.086
5 4.095
5 4.104
5 4.113
5 4.122
5 4.131
5 4.14
5 4.149
5 4.158
5 4.167
5 4.176
5 4.185
5 4.194
5 4.203
5 4.212
5 4.221
5 4.23
5 4.239
5 4.248
5 4.257
5 4.266
5 4.275
5 4.284
5 4.293
5 4.302
5 4.311
5 4.32
5 4.329
5 4.338
5 4.347
5 4.356
5 4.365
5 4.374
5 4.383
5 4.392
5 4.401
5 4.41
5 4.419
5 4.428
5 4.437
5 4.446
5 4.455
5 4.464
5 4.473
5 4.482
5 4.491
5 4.5
5 4.509
5 4.518
5 4.527
5 4.536
5 4.545
5 4.554
5 4.563
5 4.572
5 4.581
5 4.59
5 4.599
5 4.608
5 4.617
5 4.626
5 4.635
5 4.644
5 4.653
5 4.662
5 4.671
5 4.68
5 4.689
5 4.698
5 4.707
5 4.716
5 4.725
5 4.734
5 4.743
5 4.752
5 4.761
5 4.77
5 4.779
5 4.788
5 4.797
5 4.806
5 4.815
5 4.824
5 4.833
5 4.842
5 4.851
5 4.86
5 4.869
5 4.878
5 4.887
5 4.896
5 4.905
5 4.914
5 4.923
5 4.932
5 4.941
5 4.95
5 4.959
5 4.968
5 4.977
5 4.986
5 4.995
5 5.004
5 5.013
5 5.022
5 5.031
5 5.04
5 5.049
5 5.058
5 5.067
5 5.076
5 5.085
5 5.094
5 5.103
5 5.112
5 5.121
5 5.13
5 5.139
5 5.148
5 5.157
5 5.166
5 5.175
5 5.184
5 5.193
5 5.202
5 5.211
5 5.22
5 5.229
5 5.238
5 5.247
5 5.256
5 5.265
5 5.274
5 5.283
5 5.292
5 5.301
5 5.31
5 5.319
5 5.328
5 5.337
5 5.346
5 5.355
5 5.364
5 5.373
5 5.382
5 5.391
5 5.4
5 5.409
5 5.418
5 5.427
5 5.436
5 5.445
5 5.454
5 5.463
5 5.472
5 5.481
5 5.49
5 5.499
5 5.508
5 5.517
5 5.526
5 5.535
5 5.544
5 5.553
5 5.562
5 5.571
5 5.58
5 5.589
5 5.598
5 5.607
5 5.616
5 5.625
5 5.634
5 5.643
5 5.652
5 5.661
5 5.67
5 5.679
5 5.688
5 5.697
5 5.706
5 5.715
5 5.724
5 5.733
5 5.742
5 5.751
5 5.76
5 5.769
5 5.778
5 5.787
5 5.796
5 5.805
5 5.814
5 5.823
5 5.832
5 5.841
5 5.85
5 5.859
5 5.868
5 5.877
5 5.886
5 5.895
5 5.904
5 5.913
5 5.922
5 5.931
5 5.94
5 5.949
5 5.958
5 5.967
5 5.976
5 5.985
5 5.994
5 6.003
5 6.012
5 6.021
5 6.03
5 6.039
5 6.048
5 6.057
5 6.066
5 6.075
5 6.084
5 6.093
5 6.102
5 6.111
5 6.12
5 6.129
5 6.138
5 6.147
5 6.156
5 6.165
5 6.174
5 6.183
5 6.192
5 6.201
5 6.21
5 6.219
5 6.228
5 6.237
5 6.246
5 6.255
5 6.264
5 6.273
5 6.282
5 6.291
5 6.3
5 6.309
5 6.318
5 6.327
5 6.336
5 6.345
5 6.354
5 6.363
5 6.372
5 6.381
5 6.39
5 6.399
5 6.408
5 6.417
5 6.426
5 6.435
5 6.444
5 6.453
5 6.462
5 6.471
5 6.48
5 6.489
5 6.498
5 6.507
5 6.516
5 6.525
5 6.534
5 6.543
5 6.552
5 6.561
5 6.57
5 6.579
5 6.588
5 6.597
5 6.606
5 6.615
5 6.624
5 6.633
5 6.642
5 6.651
5 6.66
5 6.669
5 6.678
5 6.687
5 6.696
5 6.705
5 6.714
5 6.723
5 6.732
5 6.741
5 6.75
5 6.759
5 6.768
5 6.777
5 6.786
5 6.795
5 6.804
5 6.813
5 6.822
5 6.831
5 6.84
5 6.849
5 6.858
5 6.867
5 6.876
5 6.885
5 6.894
5 6.903
5 6.912
5 6.921
5 6.93
5 6.939
5 6.948
5 6.957
5 6.966
5 6.975
5 6.984
5 6.993
5 7.002
5 7.011
5 7.02
5 7.029
5 7.038
5 7.047
5 7.056
5 7.065
5 7.074
5 7.083
5 7.092
5 7.101
5 7.11
5 7.119
5 7.128
5 7.137
5 7.146
5 7.155
5 7.164
5 7.173
5 7.182
5 7.191
5 7.2
5 7.209
5 7.218
5 7.227
5 7.236
5 7.245
5 7.254
5 7.263
5 7.272
5 7.281
5 7.29
5 7.299
5 7.308
5 7.317
5 7.326
5 7.335
5 7.344
5 7.353
5 7.362
5 7.371
5 7.38
5 7.389
5 7.398
5 7.407
5 7.416
5 7.425
5 7.434
5 7.443
5 7.452
5 7.461
5 7.47
5 7.479
5 7.488
5 7.497
5 7.506
5 7.515
5 7.524
5 7.533
5 7.542
5 7.551
5 7.56
5 7.569
5 7.578
5 7.587
5 7.596
5 7.605
5 7.614
5 7.623
5 7.632
5 7.641
5 7.65
5 7.659
5 7.668
5 7.677
5 7.686
5 7.695
5 7.704
5 7.713
5 7.722
5 7.731
5 7.74
5 7.749
5 7.758
5 7.767
5 7.776
5 7.785
5 7.794
5 7.803
5 7.812
5 7.821
5 7.83
5 7.839
5 7.848
5 7.857
5 7.866
5 7.875
5 7.884
5 7.893
5 7.902
5 7.911
5 7.92
5 7.929
5 7.938
5 7.947
5 7.956
5 7.965
5 7.974
5 7.983
5 7.992
5 8.001
5 8.01
5 8.019
5 8.028
5 8.037
5 8.046
5 8.055
5 8.064
5 8.073
5 8.082
5 8.091
5 8.1
5 8.109
5 8.118
5 8.127
5 8.136
5 8.145
5 8.154
5 8.163
5 8.172
5 8.181
5 8.19
5 8.199
5 8.208
5 8.217
5 8.226
5 8.235
5 8.244
5 8.253
5 8.262
5 8.271
5 8.28
5 8.289
5 8.298
5 8.307
5 8.316
5 8.325
5 8.334
5 8.343
5 8.352
5 8.361
5 8.37
5 8.379
5 8.388
5 8.397
5 8.406
5 8.415
5 8.424
5 8.433
5 8.442
5 8.451
5 8.46
5 8.469
5 8.478
5 8.487
5 8.496
5 8.505
5 8.514
5 8.523
5 8.532
5 8.541
5 8.55
5 8.559
5 8.568
5 8.577
5 8.586
5 8.595
5 8.604
5 8.613
5 8.622
5 8.631
5 8.64
5 8.649
5 8.658
5 8.667
5 8.676
5 8.685
5 8.694
5 8.703
5 8.712
5 8.721
5 8.73
5 8.739
5 8.748
5 8.757
5 8.766
5 8.775
5 8.784
5 8.793
5 8.802
5 8.811
5 8.82
5 8.829
5 8.838
5 8.847
5 8.856
5 8.865
5 8.874
5 8.883
5 8.892
5 8.901
5 8.91
5 8.919
5 8.928
5 8.937
5 8.946
5 8.955
5 8.964
5 8.973
5 8.982
5 8.991
5 9
