4 1.5948855916693 0.013975031573287
5 1.5682035208297 0.033212155419702
6 1.5511903200698 0.01849749155093
7 1.592227551711 0.022371959422266
8 1.6812285755221 0.025034755975044
9 1.6882125877066 0.034437109070228
10 1.6777635579412 0.017607451880947
11 1.7094408548496 0.014090158679932
12 1.7256516927155 0.018985253518673
13 1.7460550121284 0.027054550734407
14 1.7833682032447 0.033941010414481
15 1.8147091409146 0.039139549479628
16 1.8190157005442 0.05177047402564
17 1.9062295884674 0.051356399730619
18 1.8540421904991 0.056540619860212
19 1.918810090904 0.056343255630218
20 2.0211902395841 0.050976811705781
