# Numero de  
4 0.10956324063246 6.0794633006953e-05 2.8898168518243 0.0010620492094661
5 0.097764559576578 7.7596631828642e-05 3.0652237916132 0.0014874564482687
6 0.089422746118501 9.4229112118206e-05 3.2033245361445 0.0022470599629725
7 0.083221053133583 0.0001127527854716 3.318270457824 0.003655726932436
8 0.078333398343999 0.00013079889573898 3.416742717987 0.0047632879888664
9 0.074293740916392 0.00013900451076955 3.5052628395799 0.00549483665848
10 0.070933142771693 0.00014121347924519 3.5864818141959 0.006105874686689
11 0.068095497817054 0.00015255071180958 3.6591064771999 0.0070167355843053
12 0.065690502587285 0.00016505123448646 3.7256840565432 0.0078361901429998
13 0.063549132912593 0.00018368134672848 3.7872532469052 0.0086751756086194
14 0.061579753461883 0.00022073825678833 3.845957724931 0.00942712393877
15 0.059867102719255 0.00024553165264371 3.8997815040269 0.0099854363481573
16 0.058373218494074 0.00029145503157812 3.9442649717176 0.010363315479446
17 0.056947121857664 0.00031903004927649 3.9901788003521 0.01161718936151
18 0.055863427461866 0.00035205064000314 4.0293624186062 0.011956047680385
19 0.054638015864958 0.00035879847977075 4.0702231117706 0.012473461780793
20 0.053448987146024 0.00037806234306248 4.1066505770758 0.013004458999476
