# Numero de  
4 0.11543382906649 6.5077002315321e-05 2.8497794978423 0.00094888520671788
5 0.10449274659343 7.7372838756125e-05 3.0002213203421 0.001368298400429
6 0.096856918963434 9.3945356765308e-05 3.1150560595304 0.0020080572441946
7 0.090927844089849 0.00012020056049693 3.2104885858846 0.0032658413311166
8 0.085339461731118 0.00013612317319606 3.3043009187576 0.0042990457477761
9 0.082299890183811 0.00014732493932078 3.3651614362079 0.004968515702772
10 0.078231945050439 0.00015590901013087 3.4419466830972 0.0058441084385045
11 0.075667887842741 0.00015915491450878 3.4982205560693 0.0062040574413756
12 0.073346809323598 0.00017551880479678 3.5504087415231 0.0066532018522121
13 0.071044999140505 0.0002217065008053 3.6041622107752 0.0074486333359292
14 0.069512092363733 0.00026677563049901 3.6449747931039 0.0079194751854816
15 0.067779734168267 0.00029245427052392 3.6857104038473 0.0083349886112246
