# Numero de  
4 0.092885126072833 5.6387650224084e-05 3.0414353859195 0.001065075104513
5 0.08010298111263 6.9763465195438e-05 3.2887464712543 0.00166463294543
6 0.071143051110446 8.6261707782133e-05 3.4924580234525 0.0025865373616212
7 0.064390073442646 9.4785415812593e-05 3.6707042369613 0.0038847723364082
8 0.059130367989176 0.00010394486776831 3.8286323117859 0.0052768400188892
9 0.054934444095446 0.00011491017502724 3.9708200086586 0.006690558055286
10 0.051405614680273 0.0001138871429578 4.1048225272481 0.0080707933972058
11 0.048421854672678 0.00012598164238105 4.2288281982661 0.010429738499942
12 0.045869153537396 0.00014170771985303 4.3430719426436 0.011906945173254
13 0.04361987117763 0.00015991744001986 4.4546778512039 0.012989138529271
14 0.041649448148892 0.00017377387625658 4.5576403311207 0.015092764417467
15 0.03991861325794 0.00018817355177484 4.6578389886279 0.0159650987751
16 0.03834192814659 0.00021074846911763 4.7483227521364 0.018455429388296
17 0.036916868421352 0.00023443485278319 4.8371147651883 0.020941907529256
18 0.035646791025151 0.00024116364876299 4.9181655663294 0.020978265708573
19 0.034520925565708 0.00025940008540821 4.993118921823 0.021515649150855
20 0.033463062896965 0.00027363140046866 5.0656836267965 0.022708307621249
21 0.032467351101771 0.0002805171301432 5.1442241153755 0.023275058020158
22 0.031627345096808 0.00028697085602654 5.2153063052804 0.023208615546038
23 0.030815545473858 0.00031009585924174 5.2798727016277 0.024967323685449
24 0.030098093714499 0.00030868538398137 5.350465564441 0.025001735319795
25 0.029399482282718 0.00031385115623784 5.4176201145769 0.026911930434425
26 0.028699665627601 0.00034823633139871 5.4902494634388 0.028348865685783
