0 0
0 0.015
0 0.03
0 0.045
0 0.06
0 0.075
0 0.09
0 0.105
0 0.12
0 0.135
0 0.15
0 0.165
0 0.18
0 0.195
0 0.21
0 0.225
0 0.24
0 0.255
0 0.27
0 0.285
0 0.3
0 0.315
0 0.33
0 0.345
0 0.36
0 0.375
0 0.39
0 0.405
0 0.42
0 0.435
0 0.45
0 0.465
0 0.48
0 0.495
0 0.51
0 0.525
0 0.54
0 0.555
0 0.57
0 0.585
0 0.6
0 0.615
0 0.63
0 0.645
0 0.66
0 0.675
0 0.69
0 0.705
0 0.72
0 0.735
0 0.75
0 0.765
0 0.78
0 0.795
0 0.81
0 0.825
0 0.84
0 0.855
0 0.87
0 0.885
0 0.9
0 0.915
0 0.93
0 0.945
0 0.96
0 0.975
0 0.99
0 1.005
0 1.02
0 1.035
0 1.05
0 1.065
0 1.08
0 1.095
0 1.11
0 1.125
0 1.14
0 1.155
0 1.17
0 1.185
0 1.2
0 1.215
0 1.23
0 1.245
0 1.26
0 1.275
0 1.29
0 1.305
0 1.32
0 1.335
0 1.35
0 1.365
0 1.38
0 1.395
0 1.41
0 1.425
0 1.44
0 1.455
0 1.47
0 1.485
0 1.5
0 1.515
0 1.53
0 1.545
0 1.56
0 1.575
0 1.59
0 1.605
0 1.62
0 1.635
0 1.65
0 1.665
0 1.68
0 1.695
0 1.71
0 1.725
0 1.74
0 1.755
0 1.77
0 1.785
0 1.8
0 1.815
0 1.83
0 1.845
0 1.86
0 1.875
0 1.89
0 1.905
0 1.92
0 1.935
0 1.95
0 1.965
0 1.98
0 1.995
0 2.01
0 2.025
0 2.04
0 2.055
0 2.07
0 2.085
0 2.1
0 2.115
0 2.13
0 2.145
0 2.16
0 2.175
0 2.19
0 2.205
0 2.22
0 2.235
0 2.25
0 2.265
0 2.28
0 2.295
0 2.31
0 2.325
0 2.34
0 2.355
0 2.37
0 2.385
0 2.4
0 2.415
0 2.43
0 2.445
0 2.46
0 2.475
0 2.49
0 2.505
0 2.52
0 2.535
0 2.55
0 2.565
0 2.58
0 2.595
0 2.61
0 2.625
0 2.64
0 2.655
0 2.67
0 2.685
0 2.7
0 2.715
0 2.73
0 2.745
0 2.76
0 2.775
0 2.79
0 2.805
0 2.82
0 2.835
0 2.85
0 2.865
0 2.88
0 2.895
0 2.91
0 2.925
0 2.94
0 2.955
0 2.97
0 2.985
0 3
0 3.015
0 3.03
0 3.045
0 3.06
0 3.075
0 3.09
0 3.105
0 3.12
0 3.135
0 3.15
0 3.165
0 3.18
0 3.195
0 3.21
0 3.225
0 3.24
0 3.255
0 3.27
0 3.285
0 3.3
0 3.315
0 3.33
0 3.345
0 3.36
0 3.375
0 3.39
0 3.405
0 3.42
0 3.435
0 3.45
0 3.465
0 3.48
0 3.495
0 3.51
0 3.525
0 3.54
0 3.555
0 3.57
0 3.585
0 3.6
0 3.615
0 3.63
0 3.645
0 3.66
0 3.675
0 3.69
0 3.705
0 3.72
0 3.735
0 3.75
0 3.765
0 3.78
0 3.795
0 3.81
0 3.825
0 3.84
0 3.855
0 3.87
0 3.885
0 3.9
0 3.915
0 3.93
0 3.945
0 3.96
0 3.975
0 3.99
0 4.005
0 4.02
0 4.035
0 4.05
0 4.065
0 4.08
0 4.095
0 4.11
0 4.125
0 4.14
0 4.155
0 4.17
0 4.185
0 4.2
0 4.215
0 4.23
0 4.245
0 4.26
0 4.275
0 4.29
0 4.305
0 4.32
0 4.335
0 4.35
0 4.365
0 4.38
0 4.395
0 4.41
0 4.425
0 4.44
0 4.455
0 4.47
0 4.485
0 4.5
0 4.515
0 4.53
0 4.545
0 4.56
0 4.575
0 4.59
0 4.605
0 4.62
0 4.635
0 4.65
0 4.665
0 4.68
0 4.695
0 4.71
0 4.725
0 4.74
0 4.755
0 4.77
0 4.785
0 4.8
0 4.815
0 4.83
0 4.845
0 4.86
0 4.875
0 4.89
0 4.905
0 4.92
0 4.935
0 4.95
0 4.965
0 4.98
0 4.995
0 5.01
0 5.025
0 5.04
0 5.055
0 5.07
0 5.085
0 5.1
0 5.115
0 5.13
0 5.145
0 5.16
0 5.175
0 5.19
0 5.205
0 5.22
0 5.235
0 5.25
0 5.265
0 5.28
0 5.295
0 5.31
0 5.325
0 5.34
0 5.355
0 5.37
0 5.385
0 5.4
0 5.415
0 5.43
0 5.445
0 5.46
0 5.475
0 5.49
0 5.505
0 5.52
0 5.535
0 5.55
0 5.565
0 5.58
0 5.595
0 5.61
0 5.625
0 5.64
0 5.655
0 5.67
0 5.685
0 5.7
0 5.715
0 5.73
0 5.745
0 5.76
0 5.775
0 5.79
0 5.805
0 5.82
0 5.835
0 5.85
0 5.865
0 5.88
0 5.895
0 5.91
0 5.925
0 5.94
0 5.955
0 5.97
0 5.985
0 6
0 6.015
0 6.03
0 6.045
0 6.06
0 6.075
0 6.09
0 6.105
0 6.12
0 6.135
0 6.15
0 6.165
0 6.18
0 6.195
0 6.21
0 6.225
0 6.24
0 6.255
0 6.27
0 6.285
0 6.3
0 6.315
0 6.33
0 6.345
0 6.36
0 6.375
0 6.39
0 6.405
0 6.42
0 6.435
0 6.45
0 6.465
0 6.48
0 6.495
0 6.51
0 6.525
0 6.54
0 6.555
0 6.57
0 6.585
0 6.6
0 6.615
0 6.63
0 6.645
0 6.66
0 6.675
0 6.69
0 6.705
0 6.72
0 6.735
0 6.75
0 6.765
0 6.78
0 6.795
0 6.81
0 6.825
0 6.84
0 6.855
0 6.87
0 6.885
0 6.9
0 6.915
0 6.93
0 6.945
0 6.96
0 6.975
0 6.99
0 7.005
0 7.02
0 7.035
0 7.05
0 7.065
0 7.08
0 7.095
0 7.11
0 7.125
0 7.14
0 7.155
0 7.17
0 7.185
0 7.2
0 7.215
0 7.23
0 7.245
0 7.26
0 7.275
0 7.29
0 7.305
0 7.32
0 7.335
0 7.35
0 7.365
0 7.38
0 7.395
0 7.41
0 7.425
0 7.44
0 7.455
0 7.47
0 7.485
0 7.5
0 7.515
0 7.53
0 7.545
0 7.56
0 7.575
0 7.59
0 7.605
0 7.62
0 7.635
0 7.65
0 7.665
0 7.68
0 7.695
0 7.71
0 7.725
0 7.74
0 7.755
0 7.77
0 7.785
0 7.8
0 7.815
0 7.83
0 7.845
0 7.86
0 7.875
0 7.89
0 7.905
0 7.92
0 7.935
0 7.95
0 7.965
0 7.98
0 7.995
0 8.01
0 8.025
0 8.04
0 8.055
0 8.07
0 8.085
0 8.1
0 8.115
0 8.13
0 8.145
0 8.16
0 8.175
0 8.19
0 8.205
0 8.22
0 8.235
0 8.25
0 8.265
0 8.28
0 8.295
0 8.31
0 8.325
0 8.34
0 8.355
0 8.37
0 8.385
0 8.4
0 8.415
0 8.43
0 8.445
0 8.46
0 8.475
0 8.49
0 8.505
0 8.52
0 8.535
0 8.55
0 8.565
0 8.58
0 8.595
0 8.61
0 8.625
0 8.64
0 8.655
0 8.67
0 8.685
0 8.7
0 8.715
0 8.73
0 8.745
0 8.76
0 8.775
0 8.79
0 8.805
0 8.82
0 8.835
0 8.85
0 8.865
0 8.88
0 8.895
0 8.91
0 8.925
0 8.94
0 8.955
0 8.97
0 8.985
0 9
0 9.015
0 9.03
0 9.045
0 9.06
0 9.075
0 9.09
0 9.105
0 9.12
0 9.135
0 9.15
0 9.165
0 9.18
0 9.195
0 9.21
0 9.225
0 9.24
0 9.255
0 9.27
0 9.285
0 9.3
0 9.315
0 9.33
0 9.345
0 9.36
0 9.375
0 9.39
0 9.405
0 9.42
0 9.435
0 9.45
0 9.465
0 9.48
0 9.495
0 9.51
0 9.525
0 9.54
0 9.555
0 9.57
0 9.585
0 9.6
0 9.615
0 9.63
0 9.645
0 9.66
0 9.675
0 9.69
0 9.705
0 9.72
0 9.735
0 9.75
0 9.765
0 9.78
0 9.795
0 9.81
0 9.825
0 9.84
0 9.855
0 9.87
0 9.885
0 9.9
0 9.915
0 9.93
0 9.945
0 9.96
0 9.975
0 9.99
0 10.005
0 10.02
0 10.035
0 10.05
0 10.065
0 10.08
0 10.095
0 10.11
0 10.125
0 10.14
0 10.155
0 10.17
0 10.185
0 10.2
0 10.215
0 10.23
0 10.245
0 10.26
0 10.275
0 10.29
0 10.305
0 10.32
0 10.335
0 10.35
0 10.365
0 10.38
0 10.395
0 10.41
0 10.425
0 10.44
0 10.455
0 10.47
0 10.485
0 10.5
0 10.515
0 10.53
0 10.545
0 10.56
0 10.575
0 10.59
0 10.605
0 10.62
0 10.635
0 10.65
0 10.665
0 10.68
0 10.695
0 10.71
0 10.725
0 10.74
0 10.755
0 10.77
0 10.785
0 10.8
0 10.815
0 10.83
0 10.845
0 10.86
0 10.875
0 10.89
0 10.905
0 10.92
0 10.935
0 10.95
0 10.965
0 10.98
0 10.995
0 11.01
0 11.025
0 11.04
0 11.055
0 11.07
0 11.085
0 11.1
0 11.115
0 11.13
0 11.145
0 11.16
0 11.175
0 11.19
0 11.205
0 11.22
0 11.235
0 11.25
0 11.265
0 11.28
0 11.295
0 11.31
0 11.325
0 11.34
0 11.355
0 11.37
0 11.385
0 11.4
0 11.415
0 11.43
0 11.445
0 11.46
0 11.475
0 11.49
0 11.505
0 11.52
0 11.535
0 11.55
0 11.565
0 11.58
0 11.595
0 11.61
0 11.625
0 11.64
0 11.655
0 11.67
0 11.685
0 11.7
0 11.715
0 11.73
0 11.745
0 11.76
0 11.775
0 11.79
0 11.805
0 11.82
0 11.835
0 11.85
0 11.865
0 11.88
0 11.895
0 11.91
0 11.925
0 11.94
0 11.955
0 11.97
0 11.985
0 12
0 12.015
0 12.03
0 12.045
0 12.06
0 12.075
0 12.09
0 12.105
0 12.12
0 12.135
0 12.15
0 12.165
0 12.18
0 12.195
0 12.21
0 12.225
0 12.24
0 12.255
0 12.27
0 12.285
0 12.3
0 12.315
0 12.33
0 12.345
0 12.36
0 12.375
0 12.39
0 12.405
0 12.42
0 12.435
0 12.45
0 12.465
0 12.48
0 12.495
0 12.51
0 12.525
0 12.54
0 12.555
0 12.57
0 12.585
0 12.6
0 12.615
0 12.63
0 12.645
0 12.66
0 12.675
0 12.69
0 12.705
0 12.72
0 12.735
0 12.75
0 12.765
0 12.78
0 12.795
0 12.81
0 12.825
0 12.84
0 12.855
0 12.87
0 12.885
0 12.9
0 12.915
0 12.93
0 12.945
0 12.96
0 12.975
0 12.99
0 13.005
0 13.02
0 13.035
0 13.05
0 13.065
0 13.08
0 13.095
0 13.11
0 13.125
0 13.14
0 13.155
0 13.17
0 13.185
0 13.2
0 13.215
0 13.23
0 13.245
0 13.26
0 13.275
0 13.29
0 13.305
0 13.32
0 13.335
0 13.35
0 13.365
0 13.38
0 13.395
0 13.41
0 13.425
0 13.44
0 13.455
0 13.47
0 13.485
0 13.5
0 13.515
0 13.53
0 13.545
0 13.56
0 13.575
0 13.59
0 13.605
0 13.62
0 13.635
0 13.65
0 13.665
0 13.68
0 13.695
0 13.71
0 13.725
0 13.74
0 13.755
0 13.77
0 13.785
0 13.8
0 13.815
0 13.83
0 13.845
0 13.86
0 13.875
0 13.89
0 13.905
0 13.92
0 13.935
0 13.95
0 13.965
0 13.98
0 13.995
0 14.01
0 14.025
0 14.04
0 14.055
0 14.07
0 14.085
0 14.1
0 14.115
0 14.13
0 14.145
0 14.16
0 14.175
0 14.19
0 14.205
0 14.22
0 14.235
0 14.25
0 14.265
0 14.28
0 14.295
0 14.31
0 14.325
0 14.34
0 14.355
0 14.37
0 14.385
0 14.4
0 14.415
0 14.43
0 14.445
0 14.46
0 14.475
0 14.49
0 14.505
0 14.52
0 14.535
0 14.55
0 14.565
0 14.58
0 14.595
0 14.61
0 14.625
0 14.64
0 14.655
0 14.67
0 14.685
0 14.7
0 14.715
0 14.73
0 14.745
0 14.76
0 14.775
0 14.79
0 14.805
0 14.82
0 14.835
0 14.85
0 14.865
0 14.88
0 14.895
0 14.91
0 14.925
0 14.94
0 14.955
0 14.97
0 14.985
0 15
1 0
1 0.015
1 0.03
1 0.045
1 0.06
1 0.075
1 0.09
1 0.105
1 0.12
1 0.135
1 0.15
1 0.165
1 0.18
1 0.195
1 0.21
1 0.225
1 0.24
1 0.255
1 0.27
1 0.285
1 0.3
1 0.315
1 0.33
1 0.345
1 0.36
1 0.375
1 0.39
1 0.405
1 0.42
1 0.435
1 0.45
1 0.465
1 0.48
1 0.495
1 0.51
1 0.525
1 0.54
1 0.555
1 0.57
1 0.585
1 0.6
1 0.615
1 0.63
1 0.645
1 0.66
1 0.675
1 0.69
1 0.705
1 0.72
1 0.735
1 0.75
1 0.765
1 0.78
1 0.795
1 0.81
1 0.825
1 0.84
1 0.855
1 0.87
1 0.885
1 0.9
1 0.915
1 0.93
1 0.945
1 0.96
1 0.975
1 0.99
1 1.005
1 1.02
1 1.035
1 1.05
1 1.065
1 1.08
1 1.095
1 1.11
1 1.125
1 1.14
1 1.155
1 1.17
1 1.185
1 1.2
1 1.215
1 1.23
1 1.245
1 1.26
1 1.275
1 1.29
1 1.305
1 1.32
1 1.335
1 1.35
1 1.365
1 1.38
1 1.395
1 1.41
1 1.425
1 1.44
1 1.455
1 1.47
1 1.485
1 1.5
1 1.515
1 1.53
1 1.545
1 1.56
1 1.575
1 1.59
1 1.605
1 1.62
1 1.635
1 1.65
1 1.665
1 1.68
1 1.695
1 1.71
1 1.725
1 1.74
1 1.755
1 1.77
1 1.785
1 1.8
1 1.815
1 1.83
1 1.845
1 1.86
1 1.875
1 1.89
1 1.905
1 1.92
1 1.935
1 1.95
1 1.965
1 1.98
1 1.995
1 2.01
1 2.025
1 2.04
1 2.055
1 2.07
1 2.085
1 2.1
1 2.115
1 2.13
1 2.145
1 2.16
1 2.175
1 2.19
1 2.205
1 2.22
1 2.235
1 2.25
1 2.265
1 2.28
1 2.295
1 2.31
1 2.325
1 2.34
1 2.355
1 2.37
1 2.385
1 2.4
1 2.415
1 2.43
1 2.445
1 2.46
1 2.475
1 2.49
1 2.505
1 2.52
1 2.535
1 2.55
1 2.565
1 2.58
1 2.595
1 2.61
1 2.625
1 2.64
1 2.655
1 2.67
1 2.685
1 2.7
1 2.715
1 2.73
1 2.745
1 2.76
1 2.775
1 2.79
1 2.805
1 2.82
1 2.835
1 2.85
1 2.865
1 2.88
1 2.895
1 2.91
1 2.925
1 2.94
1 2.955
1 2.97
1 2.985
1 3
1 3.015
1 3.03
1 3.045
1 3.06
1 3.075
1 3.09
1 3.105
1 3.12
1 3.135
1 3.15
1 3.165
1 3.18
1 3.195
1 3.21
1 3.225
1 3.24
1 3.255
1 3.27
1 3.285
1 3.3
1 3.315
1 3.33
1 3.345
1 3.36
1 3.375
1 3.39
1 3.405
1 3.42
1 3.435
1 3.45
1 3.465
1 3.48
1 3.495
1 3.51
1 3.525
1 3.54
1 3.555
1 3.57
1 3.585
1 3.6
1 3.615
1 3.63
1 3.645
1 3.66
1 3.675
1 3.69
1 3.705
1 3.72
1 3.735
1 3.75
1 3.765
1 3.78
1 3.795
1 3.81
1 3.825
1 3.84
1 3.855
1 3.87
1 3.885
1 3.9
1 3.915
1 3.93
1 3.945
1 3.96
1 3.975
1 3.99
1 4.005
1 4.02
1 4.035
1 4.05
1 4.065
1 4.08
1 4.095
1 4.11
1 4.125
1 4.14
1 4.155
1 4.17
1 4.185
1 4.2
1 4.215
1 4.23
1 4.245
1 4.26
1 4.275
1 4.29
1 4.305
1 4.32
1 4.335
1 4.35
1 4.365
1 4.38
1 4.395
1 4.41
1 4.425
1 4.44
1 4.455
1 4.47
1 4.485
1 4.5
1 4.515
1 4.53
1 4.545
1 4.56
1 4.575
1 4.59
1 4.605
1 4.62
1 4.635
1 4.65
1 4.665
1 4.68
1 4.695
1 4.71
1 4.725
1 4.74
1 4.755
1 4.77
1 4.785
1 4.8
1 4.815
1 4.83
1 4.845
1 4.86
1 4.875
1 4.89
1 4.905
1 4.92
1 4.935
1 4.95
1 4.965
1 4.98
1 4.995
1 5.01
1 5.025
1 5.04
1 5.055
1 5.07
1 5.085
1 5.1
1 5.115
1 5.13
1 5.145
1 5.16
1 5.175
1 5.19
1 5.205
1 5.22
1 5.235
1 5.25
1 5.265
1 5.28
1 5.295
1 5.31
1 5.325
1 5.34
1 5.355
1 5.37
1 5.385
1 5.4
1 5.415
1 5.43
1 5.445
1 5.46
1 5.475
1 5.49
1 5.505
1 5.52
1 5.535
1 5.55
1 5.565
1 5.58
1 5.595
1 5.61
1 5.625
1 5.64
1 5.655
1 5.67
1 5.685
1 5.7
1 5.715
1 5.73
1 5.745
1 5.76
1 5.775
1 5.79
1 5.805
1 5.82
1 5.835
1 5.85
1 5.865
1 5.88
1 5.895
1 5.91
1 5.925
1 5.94
1 5.955
1 5.97
1 5.985
1 6
1 6.015
1 6.03
1 6.045
1 6.06
1 6.075
1 6.09
1 6.105
1 6.12
1 6.135
1 6.15
1 6.165
1 6.18
1 6.195
1 6.21
1 6.225
1 6.24
1 6.255
1 6.27
1 6.285
1 6.3
1 6.315
1 6.33
1 6.345
1 6.36
1 6.375
1 6.39
1 6.405
1 6.42
1 6.435
1 6.45
1 6.465
1 6.48
1 6.495
1 6.51
1 6.525
1 6.54
1 6.555
1 6.57
1 6.585
1 6.6
1 6.615
1 6.63
1 6.645
1 6.66
1 6.675
1 6.69
1 6.705
1 6.72
1 6.735
1 6.75
1 6.765
1 6.78
1 6.795
1 6.81
1 6.825
1 6.84
1 6.855
1 6.87
1 6.885
1 6.9
1 6.915
1 6.93
1 6.945
1 6.96
1 6.975
1 6.99
1 7.005
1 7.02
1 7.035
1 7.05
1 7.065
1 7.08
1 7.095
1 7.11
1 7.125
1 7.14
1 7.155
1 7.17
1 7.185
1 7.2
1 7.215
1 7.23
1 7.245
1 7.26
1 7.275
1 7.29
1 7.305
1 7.32
1 7.335
1 7.35
1 7.365
1 7.38
1 7.395
1 7.41
1 7.425
1 7.44
1 7.455
1 7.47
1 7.485
1 7.5
1 7.515
1 7.53
1 7.545
1 7.56
1 7.575
1 7.59
1 7.605
1 7.62
1 7.635
1 7.65
1 7.665
1 7.68
1 7.695
1 7.71
1 7.725
1 7.74
1 7.755
1 7.77
1 7.785
1 7.8
1 7.815
1 7.83
1 7.845
1 7.86
1 7.875
1 7.89
1 7.905
1 7.92
1 7.935
1 7.95
1 7.965
1 7.98
1 7.995
1 8.01
1 8.025
1 8.04
1 8.055
1 8.07
1 8.085
1 8.1
1 8.115
1 8.13
1 8.145
1 8.16
1 8.175
1 8.19
1 8.205
1 8.22
1 8.235
1 8.25
1 8.265
1 8.28
1 8.295
1 8.31
1 8.325
1 8.34
1 8.355
1 8.37
1 8.385
1 8.4
1 8.415
1 8.43
1 8.445
1 8.46
1 8.475
1 8.49
1 8.505
1 8.52
1 8.535
1 8.55
1 8.565
1 8.58
1 8.595
1 8.61
1 8.625
1 8.64
1 8.655
1 8.67
1 8.685
1 8.7
1 8.715
1 8.73
1 8.745
1 8.76
1 8.775
1 8.79
1 8.805
1 8.82
1 8.835
1 8.85
1 8.865
1 8.88
1 8.895
1 8.91
1 8.925
1 8.94
1 8.955
1 8.97
1 8.985
1 9
1 9.015
1 9.03
1 9.045
1 9.06
1 9.075
1 9.09
1 9.105
1 9.12
1 9.135
1 9.15
1 9.165
1 9.18
1 9.195
1 9.21
1 9.225
1 9.24
1 9.255
1 9.27
1 9.285
1 9.3
1 9.315
1 9.33
1 9.345
1 9.36
1 9.375
1 9.39
1 9.405
1 9.42
1 9.435
1 9.45
1 9.465
1 9.48
1 9.495
1 9.51
1 9.525
1 9.54
1 9.555
1 9.57
1 9.585
1 9.6
1 9.615
1 9.63
1 9.645
1 9.66
1 9.675
1 9.69
1 9.705
1 9.72
1 9.735
1 9.75
1 9.765
1 9.78
1 9.795
1 9.81
1 9.825
1 9.84
1 9.855
1 9.87
1 9.885
1 9.9
1 9.915
1 9.93
1 9.945
1 9.96
1 9.975
1 9.99
1 10.005
1 10.02
1 10.035
1 10.05
1 10.065
1 10.08
1 10.095
1 10.11
1 10.125
1 10.14
1 10.155
1 10.17
1 10.185
1 10.2
1 10.215
1 10.23
1 10.245
1 10.26
1 10.275
1 10.29
1 10.305
1 10.32
1 10.335
1 10.35
1 10.365
1 10.38
1 10.395
1 10.41
1 10.425
1 10.44
1 10.455
1 10.47
1 10.485
1 10.5
1 10.515
1 10.53
1 10.545
1 10.56
1 10.575
1 10.59
1 10.605
1 10.62
1 10.635
1 10.65
1 10.665
1 10.68
1 10.695
1 10.71
1 10.725
1 10.74
1 10.755
1 10.77
1 10.785
1 10.8
1 10.815
1 10.83
1 10.845
1 10.86
1 10.875
1 10.89
1 10.905
1 10.92
1 10.935
1 10.95
1 10.965
1 10.98
1 10.995
1 11.01
1 11.025
1 11.04
1 11.055
1 11.07
1 11.085
1 11.1
1 11.115
1 11.13
1 11.145
1 11.16
1 11.175
1 11.19
1 11.205
1 11.22
1 11.235
1 11.25
1 11.265
1 11.28
1 11.295
1 11.31
1 11.325
1 11.34
1 11.355
1 11.37
1 11.385
1 11.4
1 11.415
1 11.43
1 11.445
1 11.46
1 11.475
1 11.49
1 11.505
1 11.52
1 11.535
1 11.55
1 11.565
1 11.58
1 11.595
1 11.61
1 11.625
1 11.64
1 11.655
1 11.67
1 11.685
1 11.7
1 11.715
1 11.73
1 11.745
1 11.76
1 11.775
1 11.79
1 11.805
1 11.82
1 11.835
1 11.85
1 11.865
1 11.88
1 11.895
1 11.91
1 11.925
1 11.94
1 11.955
1 11.97
1 11.985
1 12
1 12.015
1 12.03
1 12.045
1 12.06
1 12.075
1 12.09
1 12.105
1 12.12
1 12.135
1 12.15
1 12.165
1 12.18
1 12.195
1 12.21
1 12.225
1 12.24
1 12.255
1 12.27
1 12.285
1 12.3
1 12.315
1 12.33
1 12.345
1 12.36
1 12.375
1 12.39
1 12.405
1 12.42
1 12.435
1 12.45
1 12.465
1 12.48
1 12.495
1 12.51
1 12.525
1 12.54
1 12.555
1 12.57
1 12.585
1 12.6
1 12.615
1 12.63
1 12.645
1 12.66
1 12.675
1 12.69
1 12.705
1 12.72
1 12.735
1 12.75
1 12.765
1 12.78
1 12.795
1 12.81
1 12.825
1 12.84
1 12.855
1 12.87
1 12.885
1 12.9
1 12.915
1 12.93
1 12.945
1 12.96
1 12.975
1 12.99
1 13.005
1 13.02
1 13.035
1 13.05
1 13.065
1 13.08
1 13.095
1 13.11
1 13.125
1 13.14
1 13.155
1 13.17
1 13.185
1 13.2
1 13.215
1 13.23
1 13.245
1 13.26
1 13.275
1 13.29
1 13.305
1 13.32
1 13.335
1 13.35
1 13.365
1 13.38
1 13.395
1 13.41
1 13.425
1 13.44
1 13.455
1 13.47
1 13.485
1 13.5
1 13.515
1 13.53
1 13.545
1 13.56
1 13.575
1 13.59
1 13.605
1 13.62
1 13.635
1 13.65
1 13.665
1 13.68
1 13.695
1 13.71
1 13.725
1 13.74
1 13.755
1 13.77
1 13.785
1 13.8
1 13.815
1 13.83
1 13.845
1 13.86
1 13.875
1 13.89
1 13.905
1 13.92
1 13.935
1 13.95
1 13.965
1 13.98
1 13.995
1 14.01
1 14.025
1 14.04
1 14.055
1 14.07
1 14.085
1 14.1
1 14.115
1 14.13
1 14.145
1 14.16
1 14.175
1 14.19
1 14.205
1 14.22
1 14.235
1 14.25
1 14.265
1 14.28
1 14.295
1 14.31
1 14.325
1 14.34
1 14.355
1 14.37
1 14.385
1 14.4
1 14.415
1 14.43
1 14.445
1 14.46
1 14.475
1 14.49
1 14.505
1 14.52
1 14.535
1 14.55
1 14.565
1 14.58
1 14.595
1 14.61
1 14.625
1 14.64
1 14.655
1 14.67
1 14.685
1 14.7
1 14.715
1 14.73
1 14.745
1 14.76
1 14.775
1 14.79
1 14.805
1 14.82
1 14.835
1 14.85
1 14.865
1 14.88
1 14.895
1 14.91
1 14.925
1 14.94
1 14.955
1 14.97
1 14.985
1 15
2 0
2 0.015
2 0.03
2 0.045
2 0.06
2 0.075
2 0.09
2 0.105
2 0.12
2 0.135
2 0.15
2 0.165
2 0.18
2 0.195
2 0.21
2 0.225
2 0.24
2 0.255
2 0.27
2 0.285
2 0.3
2 0.315
2 0.33
2 0.345
2 0.36
2 0.375
2 0.39
2 0.405
2 0.42
2 0.435
2 0.45
2 0.465
2 0.48
2 0.495
2 0.51
2 0.525
2 0.54
2 0.555
2 0.57
2 0.585
2 0.6
2 0.615
2 0.63
2 0.645
2 0.66
2 0.675
2 0.69
2 0.705
2 0.72
2 0.735
2 0.75
2 0.765
2 0.78
2 0.795
2 0.81
2 0.825
2 0.84
2 0.855
2 0.87
2 0.885
2 0.9
2 0.915
2 0.93
2 0.945
2 0.96
2 0.975
2 0.99
2 1.005
2 1.02
2 1.035
2 1.05
2 1.065
2 1.08
2 1.095
2 1.11
2 1.125
2 1.14
2 1.155
2 1.17
2 1.185
2 1.2
2 1.215
2 1.23
2 1.245
2 1.26
2 1.275
2 1.29
2 1.305
2 1.32
2 1.335
2 1.35
2 1.365
2 1.38
2 1.395
2 1.41
2 1.425
2 1.44
2 1.455
2 1.47
2 1.485
2 1.5
2 1.515
2 1.53
2 1.545
2 1.56
2 1.575
2 1.59
2 1.605
2 1.62
2 1.635
2 1.65
2 1.665
2 1.68
2 1.695
2 1.71
2 1.725
2 1.74
2 1.755
2 1.77
2 1.785
2 1.8
2 1.815
2 1.83
2 1.845
2 1.86
2 1.875
2 1.89
2 1.905
2 1.92
2 1.935
2 1.95
2 1.965
2 1.98
2 1.995
2 2.01
2 2.025
2 2.04
2 2.055
2 2.07
2 2.085
2 2.1
2 2.115
2 2.13
2 2.145
2 2.16
2 2.175
2 2.19
2 2.205
2 2.22
2 2.235
2 2.25
2 2.265
2 2.28
2 2.295
2 2.31
2 2.325
2 2.34
2 2.355
2 2.37
2 2.385
2 2.4
2 2.415
2 2.43
2 2.445
2 2.46
2 2.475
2 2.49
2 2.505
2 2.52
2 2.535
2 2.55
2 2.565
2 2.58
2 2.595
2 2.61
2 2.625
2 2.64
2 2.655
2 2.67
2 2.685
2 2.7
2 2.715
2 2.73
2 2.745
2 2.76
2 2.775
2 2.79
2 2.805
2 2.82
2 2.835
2 2.85
2 2.865
2 2.88
2 2.895
2 2.91
2 2.925
2 2.94
2 2.955
2 2.97
2 2.985
2 3
2 3.015
2 3.03
2 3.045
2 3.06
2 3.075
2 3.09
2 3.105
2 3.12
2 3.135
2 3.15
2 3.165
2 3.18
2 3.195
2 3.21
2 3.225
2 3.24
2 3.255
2 3.27
2 3.285
2 3.3
2 3.315
2 3.33
2 3.345
2 3.36
2 3.375
2 3.39
2 3.405
2 3.42
2 3.435
2 3.45
2 3.465
2 3.48
2 3.495
2 3.51
2 3.525
2 3.54
2 3.555
2 3.57
2 3.585
2 3.6
2 3.615
2 3.63
2 3.645
2 3.66
2 3.675
2 3.69
2 3.705
2 3.72
2 3.735
2 3.75
2 3.765
2 3.78
2 3.795
2 3.81
2 3.825
2 3.84
2 3.855
2 3.87
2 3.885
2 3.9
2 3.915
2 3.93
2 3.945
2 3.96
2 3.975
2 3.99
2 4.005
2 4.02
2 4.035
2 4.05
2 4.065
2 4.08
2 4.095
2 4.11
2 4.125
2 4.14
2 4.155
2 4.17
2 4.185
2 4.2
2 4.215
2 4.23
2 4.245
2 4.26
2 4.275
2 4.29
2 4.305
2 4.32
2 4.335
2 4.35
2 4.365
2 4.38
2 4.395
2 4.41
2 4.425
2 4.44
2 4.455
2 4.47
2 4.485
2 4.5
2 4.515
2 4.53
2 4.545
2 4.56
2 4.575
2 4.59
2 4.605
2 4.62
2 4.635
2 4.65
2 4.665
2 4.68
2 4.695
2 4.71
2 4.725
2 4.74
2 4.755
2 4.77
2 4.785
2 4.8
2 4.815
2 4.83
2 4.845
2 4.86
2 4.875
2 4.89
2 4.905
2 4.92
2 4.935
2 4.95
2 4.965
2 4.98
2 4.995
2 5.01
2 5.025
2 5.04
2 5.055
2 5.07
2 5.085
2 5.1
2 5.115
2 5.13
2 5.145
2 5.16
2 5.175
2 5.19
2 5.205
2 5.22
2 5.235
2 5.25
2 5.265
2 5.28
2 5.295
2 5.31
2 5.325
2 5.34
2 5.355
2 5.37
2 5.385
2 5.4
2 5.415
2 5.43
2 5.445
2 5.46
2 5.475
2 5.49
2 5.505
2 5.52
2 5.535
2 5.55
2 5.565
2 5.58
2 5.595
2 5.61
2 5.625
2 5.64
2 5.655
2 5.67
2 5.685
2 5.7
2 5.715
2 5.73
2 5.745
2 5.76
2 5.775
2 5.79
2 5.805
2 5.82
2 5.835
2 5.85
2 5.865
2 5.88
2 5.895
2 5.91
2 5.925
2 5.94
2 5.955
2 5.97
2 5.985
2 6
2 6.015
2 6.03
2 6.045
2 6.06
2 6.075
2 6.09
2 6.105
2 6.12
2 6.135
2 6.15
2 6.165
2 6.18
2 6.195
2 6.21
2 6.225
2 6.24
2 6.255
2 6.27
2 6.285
2 6.3
2 6.315
2 6.33
2 6.345
2 6.36
2 6.375
2 6.39
2 6.405
2 6.42
2 6.435
2 6.45
2 6.465
2 6.48
2 6.495
2 6.51
2 6.525
2 6.54
2 6.555
2 6.57
2 6.585
2 6.6
2 6.615
2 6.63
2 6.645
2 6.66
2 6.675
2 6.69
2 6.705
2 6.72
2 6.735
2 6.75
2 6.765
2 6.78
2 6.795
2 6.81
2 6.825
2 6.84
2 6.855
2 6.87
2 6.885
2 6.9
2 6.915
2 6.93
2 6.945
2 6.96
2 6.975
2 6.99
2 7.005
2 7.02
2 7.035
2 7.05
2 7.065
2 7.08
2 7.095
2 7.11
2 7.125
2 7.14
2 7.155
2 7.17
2 7.185
2 7.2
2 7.215
2 7.23
2 7.245
2 7.26
2 7.275
2 7.29
2 7.305
2 7.32
2 7.335
2 7.35
2 7.365
2 7.38
2 7.395
2 7.41
2 7.425
2 7.44
2 7.455
2 7.47
2 7.485
2 7.5
2 7.515
2 7.53
2 7.545
2 7.56
2 7.575
2 7.59
2 7.605
2 7.62
2 7.635
2 7.65
2 7.665
2 7.68
2 7.695
2 7.71
2 7.725
2 7.74
2 7.755
2 7.77
2 7.785
2 7.8
2 7.815
2 7.83
2 7.845
2 7.86
2 7.875
2 7.89
2 7.905
2 7.92
2 7.935
2 7.95
2 7.965
2 7.98
2 7.995
2 8.01
2 8.025
2 8.04
2 8.055
2 8.07
2 8.085
2 8.1
2 8.115
2 8.13
2 8.145
2 8.16
2 8.175
2 8.19
2 8.205
2 8.22
2 8.235
2 8.25
2 8.265
2 8.28
2 8.295
2 8.31
2 8.325
2 8.34
2 8.355
2 8.37
2 8.385
2 8.4
2 8.415
2 8.43
2 8.445
2 8.46
2 8.475
2 8.49
2 8.505
2 8.52
2 8.535
2 8.55
2 8.565
2 8.58
2 8.595
2 8.61
2 8.625
2 8.64
2 8.655
2 8.67
2 8.685
2 8.7
2 8.715
2 8.73
2 8.745
2 8.76
2 8.775
2 8.79
2 8.805
2 8.82
2 8.835
2 8.85
2 8.865
2 8.88
2 8.895
2 8.91
2 8.925
2 8.94
2 8.955
2 8.97
2 8.985
2 9
2 9.015
2 9.03
2 9.045
2 9.06
2 9.075
2 9.09
2 9.105
2 9.12
2 9.135
2 9.15
2 9.165
2 9.18
2 9.195
2 9.21
2 9.225
2 9.24
2 9.255
2 9.27
2 9.285
2 9.3
2 9.315
2 9.33
2 9.345
2 9.36
2 9.375
2 9.39
2 9.405
2 9.42
2 9.435
2 9.45
2 9.465
2 9.48
2 9.495
2 9.51
2 9.525
2 9.54
2 9.555
2 9.57
2 9.585
2 9.6
2 9.615
2 9.63
2 9.645
2 9.66
2 9.675
2 9.69
2 9.705
2 9.72
2 9.735
2 9.75
2 9.765
2 9.78
2 9.795
2 9.81
2 9.825
2 9.84
2 9.855
2 9.87
2 9.885
2 9.9
2 9.915
2 9.93
2 9.945
2 9.96
2 9.975
2 9.99
2 10.005
2 10.02
2 10.035
2 10.05
2 10.065
2 10.08
2 10.095
2 10.11
2 10.125
2 10.14
2 10.155
2 10.17
2 10.185
2 10.2
2 10.215
2 10.23
2 10.245
2 10.26
2 10.275
2 10.29
2 10.305
2 10.32
2 10.335
2 10.35
2 10.365
2 10.38
2 10.395
2 10.41
2 10.425
2 10.44
2 10.455
2 10.47
2 10.485
2 10.5
2 10.515
2 10.53
2 10.545
2 10.56
2 10.575
2 10.59
2 10.605
2 10.62
2 10.635
2 10.65
2 10.665
2 10.68
2 10.695
2 10.71
2 10.725
2 10.74
2 10.755
2 10.77
2 10.785
2 10.8
2 10.815
2 10.83
2 10.845
2 10.86
2 10.875
2 10.89
2 10.905
2 10.92
2 10.935
2 10.95
2 10.965
2 10.98
2 10.995
2 11.01
2 11.025
2 11.04
2 11.055
2 11.07
2 11.085
2 11.1
2 11.115
2 11.13
2 11.145
2 11.16
2 11.175
2 11.19
2 11.205
2 11.22
2 11.235
2 11.25
2 11.265
2 11.28
2 11.295
2 11.31
2 11.325
2 11.34
2 11.355
2 11.37
2 11.385
2 11.4
2 11.415
2 11.43
2 11.445
2 11.46
2 11.475
2 11.49
2 11.505
2 11.52
2 11.535
2 11.55
2 11.565
2 11.58
2 11.595
2 11.61
2 11.625
2 11.64
2 11.655
2 11.67
2 11.685
2 11.7
2 11.715
2 11.73
2 11.745
2 11.76
2 11.775
2 11.79
2 11.805
2 11.82
2 11.835
2 11.85
2 11.865
2 11.88
2 11.895
2 11.91
2 11.925
2 11.94
2 11.955
2 11.97
2 11.985
2 12
2 12.015
2 12.03
2 12.045
2 12.06
2 12.075
2 12.09
2 12.105
2 12.12
2 12.135
2 12.15
2 12.165
2 12.18
2 12.195
2 12.21
2 12.225
2 12.24
2 12.255
2 12.27
2 12.285
2 12.3
2 12.315
2 12.33
2 12.345
2 12.36
2 12.375
2 12.39
2 12.405
2 12.42
2 12.435
2 12.45
2 12.465
2 12.48
2 12.495
2 12.51
2 12.525
2 12.54
2 12.555
2 12.57
2 12.585
2 12.6
2 12.615
2 12.63
2 12.645
2 12.66
2 12.675
2 12.69
2 12.705
2 12.72
2 12.735
2 12.75
2 12.765
2 12.78
2 12.795
2 12.81
2 12.825
2 12.84
2 12.855
2 12.87
2 12.885
2 12.9
2 12.915
2 12.93
2 12.945
2 12.96
2 12.975
2 12.99
2 13.005
2 13.02
2 13.035
2 13.05
2 13.065
2 13.08
2 13.095
2 13.11
2 13.125
2 13.14
2 13.155
2 13.17
2 13.185
2 13.2
2 13.215
2 13.23
2 13.245
2 13.26
2 13.275
2 13.29
2 13.305
2 13.32
2 13.335
2 13.35
2 13.365
2 13.38
2 13.395
2 13.41
2 13.425
2 13.44
2 13.455
2 13.47
2 13.485
2 13.5
2 13.515
2 13.53
2 13.545
2 13.56
2 13.575
2 13.59
2 13.605
2 13.62
2 13.635
2 13.65
2 13.665
2 13.68
2 13.695
2 13.71
2 13.725
2 13.74
2 13.755
2 13.77
2 13.785
2 13.8
2 13.815
2 13.83
2 13.845
2 13.86
2 13.875
2 13.89
2 13.905
2 13.92
2 13.935
2 13.95
2 13.965
2 13.98
2 13.995
2 14.01
2 14.025
2 14.04
2 14.055
2 14.07
2 14.085
2 14.1
2 14.115
2 14.13
2 14.145
2 14.16
2 14.175
2 14.19
2 14.205
2 14.22
2 14.235
2 14.25
2 14.265
2 14.28
2 14.295
2 14.31
2 14.325
2 14.34
2 14.355
2 14.37
2 14.385
2 14.4
2 14.415
2 14.43
2 14.445
2 14.46
2 14.475
2 14.49
2 14.505
2 14.52
2 14.535
2 14.55
2 14.565
2 14.58
2 14.595
2 14.61
2 14.625
2 14.64
2 14.655
2 14.67
2 14.685
2 14.7
2 14.715
2 14.73
2 14.745
2 14.76
2 14.775
2 14.79
2 14.805
2 14.82
2 14.835
2 14.85
2 14.865
2 14.88
2 14.895
2 14.91
2 14.925
2 14.94
2 14.955
2 14.97
2 14.985
2 15
3 0
3 0.015
3 0.03
3 0.045
3 0.06
3 0.075
3 0.09
3 0.105
3 0.12
3 0.135
3 0.15
3 0.165
3 0.18
3 0.195
3 0.21
3 0.225
3 0.24
3 0.255
3 0.27
3 0.285
3 0.3
3 0.315
3 0.33
3 0.345
3 0.36
3 0.375
3 0.39
3 0.405
3 0.42
3 0.435
3 0.45
3 0.465
3 0.48
3 0.495
3 0.51
3 0.525
3 0.54
3 0.555
3 0.57
3 0.585
3 0.6
3 0.615
3 0.63
3 0.645
3 0.66
3 0.675
3 0.69
3 0.705
3 0.72
3 0.735
3 0.75
3 0.765
3 0.78
3 0.795
3 0.81
3 0.825
3 0.84
3 0.855
3 0.87
3 0.885
3 0.9
3 0.915
3 0.93
3 0.945
3 0.96
3 0.975
3 0.99
3 1.005
3 1.02
3 1.035
3 1.05
3 1.065
3 1.08
3 1.095
3 1.11
3 1.125
3 1.14
3 1.155
3 1.17
3 1.185
3 1.2
3 1.215
3 1.23
3 1.245
3 1.26
3 1.275
3 1.29
3 1.305
3 1.32
3 1.335
3 1.35
3 1.365
3 1.38
3 1.395
3 1.41
3 1.425
3 1.44
3 1.455
3 1.47
3 1.485
3 1.5
3 1.515
3 1.53
3 1.545
3 1.56
3 1.575
3 1.59
3 1.605
3 1.62
3 1.635
3 1.65
3 1.665
3 1.68
3 1.695
3 1.71
3 1.725
3 1.74
3 1.755
3 1.77
3 1.785
3 1.8
3 1.815
3 1.83
3 1.845
3 1.86
3 1.875
3 1.89
3 1.905
3 1.92
3 1.935
3 1.95
3 1.965
3 1.98
3 1.995
3 2.01
3 2.025
3 2.04
3 2.055
3 2.07
3 2.085
3 2.1
3 2.115
3 2.13
3 2.145
3 2.16
3 2.175
3 2.19
3 2.205
3 2.22
3 2.235
3 2.25
3 2.265
3 2.28
3 2.295
3 2.31
3 2.325
3 2.34
3 2.355
3 2.37
3 2.385
3 2.4
3 2.415
3 2.43
3 2.445
3 2.46
3 2.475
3 2.49
3 2.505
3 2.52
3 2.535
3 2.55
3 2.565
3 2.58
3 2.595
3 2.61
3 2.625
3 2.64
3 2.655
3 2.67
3 2.685
3 2.7
3 2.715
3 2.73
3 2.745
3 2.76
3 2.775
3 2.79
3 2.805
3 2.82
3 2.835
3 2.85
3 2.865
3 2.88
3 2.895
3 2.91
3 2.925
3 2.94
3 2.955
3 2.97
3 2.985
3 3
3 3.015
3 3.03
3 3.045
3 3.06
3 3.075
3 3.09
3 3.105
3 3.12
3 3.135
3 3.15
3 3.165
3 3.18
3 3.195
3 3.21
3 3.225
3 3.24
3 3.255
3 3.27
3 3.285
3 3.3
3 3.315
3 3.33
3 3.345
3 3.36
3 3.375
3 3.39
3 3.405
3 3.42
3 3.435
3 3.45
3 3.465
3 3.48
3 3.495
3 3.51
3 3.525
3 3.54
3 3.555
3 3.57
3 3.585
3 3.6
3 3.615
3 3.63
3 3.645
3 3.66
3 3.675
3 3.69
3 3.705
3 3.72
3 3.735
3 3.75
3 3.765
3 3.78
3 3.795
3 3.81
3 3.825
3 3.84
3 3.855
3 3.87
3 3.885
3 3.9
3 3.915
3 3.93
3 3.945
3 3.96
3 3.975
3 3.99
3 4.005
3 4.02
3 4.035
3 4.05
3 4.065
3 4.08
3 4.095
3 4.11
3 4.125
3 4.14
3 4.155
3 4.17
3 4.185
3 4.2
3 4.215
3 4.23
3 4.245
3 4.26
3 4.275
3 4.29
3 4.305
3 4.32
3 4.335
3 4.35
3 4.365
3 4.38
3 4.395
3 4.41
3 4.425
3 4.44
3 4.455
3 4.47
3 4.485
3 4.5
3 4.515
3 4.53
3 4.545
3 4.56
3 4.575
3 4.59
3 4.605
3 4.62
3 4.635
3 4.65
3 4.665
3 4.68
3 4.695
3 4.71
3 4.725
3 4.74
3 4.755
3 4.77
3 4.785
3 4.8
3 4.815
3 4.83
3 4.845
3 4.86
3 4.875
3 4.89
3 4.905
3 4.92
3 4.935
3 4.95
3 4.965
3 4.98
3 4.995
3 5.01
3 5.025
3 5.04
3 5.055
3 5.07
3 5.085
3 5.1
3 5.115
3 5.13
3 5.145
3 5.16
3 5.175
3 5.19
3 5.205
3 5.22
3 5.235
3 5.25
3 5.265
3 5.28
3 5.295
3 5.31
3 5.325
3 5.34
3 5.355
3 5.37
3 5.385
3 5.4
3 5.415
3 5.43
3 5.445
3 5.46
3 5.475
3 5.49
3 5.505
3 5.52
3 5.535
3 5.55
3 5.565
3 5.58
3 5.595
3 5.61
3 5.625
3 5.64
3 5.655
3 5.67
3 5.685
3 5.7
3 5.715
3 5.73
3 5.745
3 5.76
3 5.775
3 5.79
3 5.805
3 5.82
3 5.835
3 5.85
3 5.865
3 5.88
3 5.895
3 5.91
3 5.925
3 5.94
3 5.955
3 5.97
3 5.985
3 6
3 6.015
3 6.03
3 6.045
3 6.06
3 6.075
3 6.09
3 6.105
3 6.12
3 6.135
3 6.15
3 6.165
3 6.18
3 6.195
3 6.21
3 6.225
3 6.24
3 6.255
3 6.27
3 6.285
3 6.3
3 6.315
3 6.33
3 6.345
3 6.36
3 6.375
3 6.39
3 6.405
3 6.42
3 6.435
3 6.45
3 6.465
3 6.48
3 6.495
3 6.51
3 6.525
3 6.54
3 6.555
3 6.57
3 6.585
3 6.6
3 6.615
3 6.63
3 6.645
3 6.66
3 6.675
3 6.69
3 6.705
3 6.72
3 6.735
3 6.75
3 6.765
3 6.78
3 6.795
3 6.81
3 6.825
3 6.84
3 6.855
3 6.87
3 6.885
3 6.9
3 6.915
3 6.93
3 6.945
3 6.96
3 6.975
3 6.99
3 7.005
3 7.02
3 7.035
3 7.05
3 7.065
3 7.08
3 7.095
3 7.11
3 7.125
3 7.14
3 7.155
3 7.17
3 7.185
3 7.2
3 7.215
3 7.23
3 7.245
3 7.26
3 7.275
3 7.29
3 7.305
3 7.32
3 7.335
3 7.35
3 7.365
3 7.38
3 7.395
3 7.41
3 7.425
3 7.44
3 7.455
3 7.47
3 7.485
3 7.5
3 7.515
3 7.53
3 7.545
3 7.56
3 7.575
3 7.59
3 7.605
3 7.62
3 7.635
3 7.65
3 7.665
3 7.68
3 7.695
3 7.71
3 7.725
3 7.74
3 7.755
3 7.77
3 7.785
3 7.8
3 7.815
3 7.83
3 7.845
3 7.86
3 7.875
3 7.89
3 7.905
3 7.92
3 7.935
3 7.95
3 7.965
3 7.98
3 7.995
3 8.01
3 8.025
3 8.04
3 8.055
3 8.07
3 8.085
3 8.1
3 8.115
3 8.13
3 8.145
3 8.16
3 8.175
3 8.19
3 8.205
3 8.22
3 8.235
3 8.25
3 8.265
3 8.28
3 8.295
3 8.31
3 8.325
3 8.34
3 8.355
3 8.37
3 8.385
3 8.4
3 8.415
3 8.43
3 8.445
3 8.46
3 8.475
3 8.49
3 8.505
3 8.52
3 8.535
3 8.55
3 8.565
3 8.58
3 8.595
3 8.61
3 8.625
3 8.64
3 8.655
3 8.67
3 8.685
3 8.7
3 8.715
3 8.73
3 8.745
3 8.76
3 8.775
3 8.79
3 8.805
3 8.82
3 8.835
3 8.85
3 8.865
3 8.88
3 8.895
3 8.91
3 8.925
3 8.94
3 8.955
3 8.97
3 8.985
3 9
3 9.015
3 9.03
3 9.045
3 9.06
3 9.075
3 9.09
3 9.105
3 9.12
3 9.135
3 9.15
3 9.165
3 9.18
3 9.195
3 9.21
3 9.225
3 9.24
3 9.255
3 9.27
3 9.285
3 9.3
3 9.315
3 9.33
3 9.345
3 9.36
3 9.375
3 9.39
3 9.405
3 9.42
3 9.435
3 9.45
3 9.465
3 9.48
3 9.495
3 9.51
3 9.525
3 9.54
3 9.555
3 9.57
3 9.585
3 9.6
3 9.615
3 9.63
3 9.645
3 9.66
3 9.675
3 9.69
3 9.705
3 9.72
3 9.735
3 9.75
3 9.765
3 9.78
3 9.795
3 9.81
3 9.825
3 9.84
3 9.855
3 9.87
3 9.885
3 9.9
3 9.915
3 9.93
3 9.945
3 9.96
3 9.975
3 9.99
3 10.005
3 10.02
3 10.035
3 10.05
3 10.065
3 10.08
3 10.095
3 10.11
3 10.125
3 10.14
3 10.155
3 10.17
3 10.185
3 10.2
3 10.215
3 10.23
3 10.245
3 10.26
3 10.275
3 10.29
3 10.305
3 10.32
3 10.335
3 10.35
3 10.365
3 10.38
3 10.395
3 10.41
3 10.425
3 10.44
3 10.455
3 10.47
3 10.485
3 10.5
3 10.515
3 10.53
3 10.545
3 10.56
3 10.575
3 10.59
3 10.605
3 10.62
3 10.635
3 10.65
3 10.665
3 10.68
3 10.695
3 10.71
3 10.725
3 10.74
3 10.755
3 10.77
3 10.785
3 10.8
3 10.815
3 10.83
3 10.845
3 10.86
3 10.875
3 10.89
3 10.905
3 10.92
3 10.935
3 10.95
3 10.965
3 10.98
3 10.995
3 11.01
3 11.025
3 11.04
3 11.055
3 11.07
3 11.085
3 11.1
3 11.115
3 11.13
3 11.145
3 11.16
3 11.175
3 11.19
3 11.205
3 11.22
3 11.235
3 11.25
3 11.265
3 11.28
3 11.295
3 11.31
3 11.325
3 11.34
3 11.355
3 11.37
3 11.385
3 11.4
3 11.415
3 11.43
3 11.445
3 11.46
3 11.475
3 11.49
3 11.505
3 11.52
3 11.535
3 11.55
3 11.565
3 11.58
3 11.595
3 11.61
3 11.625
3 11.64
3 11.655
3 11.67
3 11.685
3 11.7
3 11.715
3 11.73
3 11.745
3 11.76
3 11.775
3 11.79
3 11.805
3 11.82
3 11.835
3 11.85
3 11.865
3 11.88
3 11.895
3 11.91
3 11.925
3 11.94
3 11.955
3 11.97
3 11.985
3 12
3 12.015
3 12.03
3 12.045
3 12.06
3 12.075
3 12.09
3 12.105
3 12.12
3 12.135
3 12.15
3 12.165
3 12.18
3 12.195
3 12.21
3 12.225
3 12.24
3 12.255
3 12.27
3 12.285
3 12.3
3 12.315
3 12.33
3 12.345
3 12.36
3 12.375
3 12.39
3 12.405
3 12.42
3 12.435
3 12.45
3 12.465
3 12.48
3 12.495
3 12.51
3 12.525
3 12.54
3 12.555
3 12.57
3 12.585
3 12.6
3 12.615
3 12.63
3 12.645
3 12.66
3 12.675
3 12.69
3 12.705
3 12.72
3 12.735
3 12.75
3 12.765
3 12.78
3 12.795
3 12.81
3 12.825
3 12.84
3 12.855
3 12.87
3 12.885
3 12.9
3 12.915
3 12.93
3 12.945
3 12.96
3 12.975
3 12.99
3 13.005
3 13.02
3 13.035
3 13.05
3 13.065
3 13.08
3 13.095
3 13.11
3 13.125
3 13.14
3 13.155
3 13.17
3 13.185
3 13.2
3 13.215
3 13.23
3 13.245
3 13.26
3 13.275
3 13.29
3 13.305
3 13.32
3 13.335
3 13.35
3 13.365
3 13.38
3 13.395
3 13.41
3 13.425
3 13.44
3 13.455
3 13.47
3 13.485
3 13.5
3 13.515
3 13.53
3 13.545
3 13.56
3 13.575
3 13.59
3 13.605
3 13.62
3 13.635
3 13.65
3 13.665
3 13.68
3 13.695
3 13.71
3 13.725
3 13.74
3 13.755
3 13.77
3 13.785
3 13.8
3 13.815
3 13.83
3 13.845
3 13.86
3 13.875
3 13.89
3 13.905
3 13.92
3 13.935
3 13.95
3 13.965
3 13.98
3 13.995
3 14.01
3 14.025
3 14.04
3 14.055
3 14.07
3 14.085
3 14.1
3 14.115
3 14.13
3 14.145
3 14.16
3 14.175
3 14.19
3 14.205
3 14.22
3 14.235
3 14.25
3 14.265
3 14.28
3 14.295
3 14.31
3 14.325
3 14.34
3 14.355
3 14.37
3 14.385
3 14.4
3 14.415
3 14.43
3 14.445
3 14.46
3 14.475
3 14.49
3 14.505
3 14.52
3 14.535
3 14.55
3 14.565
3 14.58
3 14.595
3 14.61
3 14.625
3 14.64
3 14.655
3 14.67
3 14.685
3 14.7
3 14.715
3 14.73
3 14.745
3 14.76
3 14.775
3 14.79
3 14.805
3 14.82
3 14.835
3 14.85
3 14.865
3 14.88
3 14.895
3 14.91
3 14.925
3 14.94
3 14.955
3 14.97
3 14.985
3 15
4 0
4 0.015
4 0.03
4 0.045
4 0.06
4 0.075
4 0.09
4 0.105
4 0.12
4 0.135
4 0.15
4 0.165
4 0.18
4 0.195
4 0.21
4 0.225
4 0.24
4 0.255
4 0.27
4 0.285
4 0.3
4 0.315
4 0.33
4 0.345
4 0.36
4 0.375
4 0.39
4 0.405
4 0.42
4 0.435
4 0.45
4 0.465
4 0.48
4 0.495
4 0.51
4 0.525
4 0.54
4 0.555
4 0.57
4 0.585
4 0.6
4 0.615
4 0.63
4 0.645
4 0.66
4 0.675
4 0.69
4 0.705
4 0.72
4 0.735
4 0.75
4 0.765
4 0.78
4 0.795
4 0.81
4 0.825
4 0.84
4 0.855
4 0.87
4 0.885
4 0.9
4 0.915
4 0.93
4 0.945
4 0.96
4 0.975
4 0.99
4 1.005
4 1.02
4 1.035
4 1.05
4 1.065
4 1.08
4 1.095
4 1.11
4 1.125
4 1.14
4 1.155
4 1.17
4 1.185
4 1.2
4 1.215
4 1.23
4 1.245
4 1.26
4 1.275
4 1.29
4 1.305
4 1.32
4 1.335
4 1.35
4 1.365
4 1.38
4 1.395
4 1.41
4 1.425
4 1.44
4 1.455
4 1.47
4 1.485
4 1.5
4 1.515
4 1.53
4 1.545
4 1.56
4 1.575
4 1.59
4 1.605
4 1.62
4 1.635
4 1.65
4 1.665
4 1.68
4 1.695
4 1.71
4 1.725
4 1.74
4 1.755
4 1.77
4 1.785
4 1.8
4 1.815
4 1.83
4 1.845
4 1.86
4 1.875
4 1.89
4 1.905
4 1.92
4 1.935
4 1.95
4 1.965
4 1.98
4 1.995
4 2.01
4 2.025
4 2.04
4 2.055
4 2.07
4 2.085
4 2.1
4 2.115
4 2.13
4 2.145
4 2.16
4 2.175
4 2.19
4 2.205
4 2.22
4 2.235
4 2.25
4 2.265
4 2.28
4 2.295
4 2.31
4 2.325
4 2.34
4 2.355
4 2.37
4 2.385
4 2.4
4 2.415
4 2.43
4 2.445
4 2.46
4 2.475
4 2.49
4 2.505
4 2.52
4 2.535
4 2.55
4 2.565
4 2.58
4 2.595
4 2.61
4 2.625
4 2.64
4 2.655
4 2.67
4 2.685
4 2.7
4 2.715
4 2.73
4 2.745
4 2.76
4 2.775
4 2.79
4 2.805
4 2.82
4 2.835
4 2.85
4 2.865
4 2.88
4 2.895
4 2.91
4 2.925
4 2.94
4 2.955
4 2.97
4 2.985
4 3
4 3.015
4 3.03
4 3.045
4 3.06
4 3.075
4 3.09
4 3.105
4 3.12
4 3.135
4 3.15
4 3.165
4 3.18
4 3.195
4 3.21
4 3.225
4 3.24
4 3.255
4 3.27
4 3.285
4 3.3
4 3.315
4 3.33
4 3.345
4 3.36
4 3.375
4 3.39
4 3.405
4 3.42
4 3.435
4 3.45
4 3.465
4 3.48
4 3.495
4 3.51
4 3.525
4 3.54
4 3.555
4 3.57
4 3.585
4 3.6
4 3.615
4 3.63
4 3.645
4 3.66
4 3.675
4 3.69
4 3.705
4 3.72
4 3.735
4 3.75
4 3.765
4 3.78
4 3.795
4 3.81
4 3.825
4 3.84
4 3.855
4 3.87
4 3.885
4 3.9
4 3.915
4 3.93
4 3.945
4 3.96
4 3.975
4 3.99
4 4.005
4 4.02
4 4.035
4 4.05
4 4.065
4 4.08
4 4.095
4 4.11
4 4.125
4 4.14
4 4.155
4 4.17
4 4.185
4 4.2
4 4.215
4 4.23
4 4.245
4 4.26
4 4.275
4 4.29
4 4.305
4 4.32
4 4.335
4 4.35
4 4.365
4 4.38
4 4.395
4 4.41
4 4.425
4 4.44
4 4.455
4 4.47
4 4.485
4 4.5
4 4.515
4 4.53
4 4.545
4 4.56
4 4.575
4 4.59
4 4.605
4 4.62
4 4.635
4 4.65
4 4.665
4 4.68
4 4.695
4 4.71
4 4.725
4 4.74
4 4.755
4 4.77
4 4.785
4 4.8
4 4.815
4 4.83
4 4.845
4 4.86
4 4.875
4 4.89
4 4.905
4 4.92
4 4.935
4 4.95
4 4.965
4 4.98
4 4.995
4 5.01
4 5.025
4 5.04
4 5.055
4 5.07
4 5.085
4 5.1
4 5.115
4 5.13
4 5.145
4 5.16
4 5.175
4 5.19
4 5.205
4 5.22
4 5.235
4 5.25
4 5.265
4 5.28
4 5.295
4 5.31
4 5.325
4 5.34
4 5.355
4 5.37
4 5.385
4 5.4
4 5.415
4 5.43
4 5.445
4 5.46
4 5.475
4 5.49
4 5.505
4 5.52
4 5.535
4 5.55
4 5.565
4 5.58
4 5.595
4 5.61
4 5.625
4 5.64
4 5.655
4 5.67
4 5.685
4 5.7
4 5.715
4 5.73
4 5.745
4 5.76
4 5.775
4 5.79
4 5.805
4 5.82
4 5.835
4 5.85
4 5.865
4 5.88
4 5.895
4 5.91
4 5.925
4 5.94
4 5.955
4 5.97
4 5.985
4 6
4 6.015
4 6.03
4 6.045
4 6.06
4 6.075
4 6.09
4 6.105
4 6.12
4 6.135
4 6.15
4 6.165
4 6.18
4 6.195
4 6.21
4 6.225
4 6.24
4 6.255
4 6.27
4 6.285
4 6.3
4 6.315
4 6.33
4 6.345
4 6.36
4 6.375
4 6.39
4 6.405
4 6.42
4 6.435
4 6.45
4 6.465
4 6.48
4 6.495
4 6.51
4 6.525
4 6.54
4 6.555
4 6.57
4 6.585
4 6.6
4 6.615
4 6.63
4 6.645
4 6.66
4 6.675
4 6.69
4 6.705
4 6.72
4 6.735
4 6.75
4 6.765
4 6.78
4 6.795
4 6.81
4 6.825
4 6.84
4 6.855
4 6.87
4 6.885
4 6.9
4 6.915
4 6.93
4 6.945
4 6.96
4 6.975
4 6.99
4 7.005
4 7.02
4 7.035
4 7.05
4 7.065
4 7.08
4 7.095
4 7.11
4 7.125
4 7.14
4 7.155
4 7.17
4 7.185
4 7.2
4 7.215
4 7.23
4 7.245
4 7.26
4 7.275
4 7.29
4 7.305
4 7.32
4 7.335
4 7.35
4 7.365
4 7.38
4 7.395
4 7.41
4 7.425
4 7.44
4 7.455
4 7.47
4 7.485
4 7.5
4 7.515
4 7.53
4 7.545
4 7.56
4 7.575
4 7.59
4 7.605
4 7.62
4 7.635
4 7.65
4 7.665
4 7.68
4 7.695
4 7.71
4 7.725
4 7.74
4 7.755
4 7.77
4 7.785
4 7.8
4 7.815
4 7.83
4 7.845
4 7.86
4 7.875
4 7.89
4 7.905
4 7.92
4 7.935
4 7.95
4 7.965
4 7.98
4 7.995
4 8.01
4 8.025
4 8.04
4 8.055
4 8.07
4 8.085
4 8.1
4 8.115
4 8.13
4 8.145
4 8.16
4 8.175
4 8.19
4 8.205
4 8.22
4 8.235
4 8.25
4 8.265
4 8.28
4 8.295
4 8.31
4 8.325
4 8.34
4 8.355
4 8.37
4 8.385
4 8.4
4 8.415
4 8.43
4 8.445
4 8.46
4 8.475
4 8.49
4 8.505
4 8.52
4 8.535
4 8.55
4 8.565
4 8.58
4 8.595
4 8.61
4 8.625
4 8.64
4 8.655
4 8.67
4 8.685
4 8.7
4 8.715
4 8.73
4 8.745
4 8.76
4 8.775
4 8.79
4 8.805
4 8.82
4 8.835
4 8.85
4 8.865
4 8.88
4 8.895
4 8.91
4 8.925
4 8.94
4 8.955
4 8.97
4 8.985
4 9
4 9.015
4 9.03
4 9.045
4 9.06
4 9.075
4 9.09
4 9.105
4 9.12
4 9.135
4 9.15
4 9.165
4 9.18
4 9.195
4 9.21
4 9.225
4 9.24
4 9.255
4 9.27
4 9.285
4 9.3
4 9.315
4 9.33
4 9.345
4 9.36
4 9.375
4 9.39
4 9.405
4 9.42
4 9.435
4 9.45
4 9.465
4 9.48
4 9.495
4 9.51
4 9.525
4 9.54
4 9.555
4 9.57
4 9.585
4 9.6
4 9.615
4 9.63
4 9.645
4 9.66
4 9.675
4 9.69
4 9.705
4 9.72
4 9.735
4 9.75
4 9.765
4 9.78
4 9.795
4 9.81
4 9.825
4 9.84
4 9.855
4 9.87
4 9.885
4 9.9
4 9.915
4 9.93
4 9.945
4 9.96
4 9.975
4 9.99
4 10.005
4 10.02
4 10.035
4 10.05
4 10.065
4 10.08
4 10.095
4 10.11
4 10.125
4 10.14
4 10.155
4 10.17
4 10.185
4 10.2
4 10.215
4 10.23
4 10.245
4 10.26
4 10.275
4 10.29
4 10.305
4 10.32
4 10.335
4 10.35
4 10.365
4 10.38
4 10.395
4 10.41
4 10.425
4 10.44
4 10.455
4 10.47
4 10.485
4 10.5
4 10.515
4 10.53
4 10.545
4 10.56
4 10.575
4 10.59
4 10.605
4 10.62
4 10.635
4 10.65
4 10.665
4 10.68
4 10.695
4 10.71
4 10.725
4 10.74
4 10.755
4 10.77
4 10.785
4 10.8
4 10.815
4 10.83
4 10.845
4 10.86
4 10.875
4 10.89
4 10.905
4 10.92
4 10.935
4 10.95
4 10.965
4 10.98
4 10.995
4 11.01
4 11.025
4 11.04
4 11.055
4 11.07
4 11.085
4 11.1
4 11.115
4 11.13
4 11.145
4 11.16
4 11.175
4 11.19
4 11.205
4 11.22
4 11.235
4 11.25
4 11.265
4 11.28
4 11.295
4 11.31
4 11.325
4 11.34
4 11.355
4 11.37
4 11.385
4 11.4
4 11.415
4 11.43
4 11.445
4 11.46
4 11.475
4 11.49
4 11.505
4 11.52
4 11.535
4 11.55
4 11.565
4 11.58
4 11.595
4 11.61
4 11.625
4 11.64
4 11.655
4 11.67
4 11.685
4 11.7
4 11.715
4 11.73
4 11.745
4 11.76
4 11.775
4 11.79
4 11.805
4 11.82
4 11.835
4 11.85
4 11.865
4 11.88
4 11.895
4 11.91
4 11.925
4 11.94
4 11.955
4 11.97
4 11.985
4 12
4 12.015
4 12.03
4 12.045
4 12.06
4 12.075
4 12.09
4 12.105
4 12.12
4 12.135
4 12.15
4 12.165
4 12.18
4 12.195
4 12.21
4 12.225
4 12.24
4 12.255
4 12.27
4 12.285
4 12.3
4 12.315
4 12.33
4 12.345
4 12.36
4 12.375
4 12.39
4 12.405
4 12.42
4 12.435
4 12.45
4 12.465
4 12.48
4 12.495
4 12.51
4 12.525
4 12.54
4 12.555
4 12.57
4 12.585
4 12.6
4 12.615
4 12.63
4 12.645
4 12.66
4 12.675
4 12.69
4 12.705
4 12.72
4 12.735
4 12.75
4 12.765
4 12.78
4 12.795
4 12.81
4 12.825
4 12.84
4 12.855
4 12.87
4 12.885
4 12.9
4 12.915
4 12.93
4 12.945
4 12.96
4 12.975
4 12.99
4 13.005
4 13.02
4 13.035
4 13.05
4 13.065
4 13.08
4 13.095
4 13.11
4 13.125
4 13.14
4 13.155
4 13.17
4 13.185
4 13.2
4 13.215
4 13.23
4 13.245
4 13.26
4 13.275
4 13.29
4 13.305
4 13.32
4 13.335
4 13.35
4 13.365
4 13.38
4 13.395
4 13.41
4 13.425
4 13.44
4 13.455
4 13.47
4 13.485
4 13.5
4 13.515
4 13.53
4 13.545
4 13.56
4 13.575
4 13.59
4 13.605
4 13.62
4 13.635
4 13.65
4 13.665
4 13.68
4 13.695
4 13.71
4 13.725
4 13.74
4 13.755
4 13.77
4 13.785
4 13.8
4 13.815
4 13.83
4 13.845
4 13.86
4 13.875
4 13.89
4 13.905
4 13.92
4 13.935
4 13.95
4 13.965
4 13.98
4 13.995
4 14.01
4 14.025
4 14.04
4 14.055
4 14.07
4 14.085
4 14.1
4 14.115
4 14.13
4 14.145
4 14.16
4 14.175
4 14.19
4 14.205
4 14.22
4 14.235
4 14.25
4 14.265
4 14.28
4 14.295
4 14.31
4 14.325
4 14.34
4 14.355
4 14.37
4 14.385
4 14.4
4 14.415
4 14.43
4 14.445
4 14.46
4 14.475
4 14.49
4 14.505
4 14.52
4 14.535
4 14.55
4 14.565
4 14.58
4 14.595
4 14.61
4 14.625
4 14.64
4 14.655
4 14.67
4 14.685
4 14.7
4 14.715
4 14.73
4 14.745
4 14.76
4 14.775
4 14.79
4 14.805
4 14.82
4 14.835
4 14.85
4 14.865
4 14.88
4 14.895
4 14.91
4 14.925
4 14.94
4 14.955
4 14.97
4 14.985
4 15
5 0
5 0.015
5 0.03
5 0.045
5 0.06
5 0.075
5 0.09
5 0.105
5 0.12
5 0.135
5 0.15
5 0.165
5 0.18
5 0.195
5 0.21
5 0.225
5 0.24
5 0.255
5 0.27
5 0.285
5 0.3
5 0.315
5 0.33
5 0.345
5 0.36
5 0.375
5 0.39
5 0.405
5 0.42
5 0.435
5 0.45
5 0.465
5 0.48
5 0.495
5 0.51
5 0.525
5 0.54
5 0.555
5 0.57
5 0.585
5 0.6
5 0.615
5 0.63
5 0.645
5 0.66
5 0.675
5 0.69
5 0.705
5 0.72
5 0.735
5 0.75
5 0.765
5 0.78
5 0.795
5 0.81
5 0.825
5 0.84
5 0.855
5 0.87
5 0.885
5 0.9
5 0.915
5 0.93
5 0.945
5 0.96
5 0.975
5 0.99
5 1.005
5 1.02
5 1.035
5 1.05
5 1.065
5 1.08
5 1.095
5 1.11
5 1.125
5 1.14
5 1.155
5 1.17
5 1.185
5 1.2
5 1.215
5 1.23
5 1.245
5 1.26
5 1.275
5 1.29
5 1.305
5 1.32
5 1.335
5 1.35
5 1.365
5 1.38
5 1.395
5 1.41
5 1.425
5 1.44
5 1.455
5 1.47
5 1.485
5 1.5
5 1.515
5 1.53
5 1.545
5 1.56
5 1.575
5 1.59
5 1.605
5 1.62
5 1.635
5 1.65
5 1.665
5 1.68
5 1.695
5 1.71
5 1.725
5 1.74
5 1.755
5 1.77
5 1.785
5 1.8
5 1.815
5 1.83
5 1.845
5 1.86
5 1.875
5 1.89
5 1.905
5 1.92
5 1.935
5 1.95
5 1.965
5 1.98
5 1.995
5 2.01
5 2.025
5 2.04
5 2.055
5 2.07
5 2.085
5 2.1
5 2.115
5 2.13
5 2.145
5 2.16
5 2.175
5 2.19
5 2.205
5 2.22
5 2.235
5 2.25
5 2.265
5 2.28
5 2.295
5 2.31
5 2.325
5 2.34
5 2.355
5 2.37
5 2.385
5 2.4
5 2.415
5 2.43
5 2.445
5 2.46
5 2.475
5 2.49
5 2.505
5 2.52
5 2.535
5 2.55
5 2.565
5 2.58
5 2.595
5 2.61
5 2.625
5 2.64
5 2.655
5 2.67
5 2.685
5 2.7
5 2.715
5 2.73
5 2.745
5 2.76
5 2.775
5 2.79
5 2.805
5 2.82
5 2.835
5 2.85
5 2.865
5 2.88
5 2.895
5 2.91
5 2.925
5 2.94
5 2.955
5 2.97
5 2.985
5 3
5 3.015
5 3.03
5 3.045
5 3.06
5 3.075
5 3.09
5 3.105
5 3.12
5 3.135
5 3.15
5 3.165
5 3.18
5 3.195
5 3.21
5 3.225
5 3.24
5 3.255
5 3.27
5 3.285
5 3.3
5 3.315
5 3.33
5 3.345
5 3.36
5 3.375
5 3.39
5 3.405
5 3.42
5 3.435
5 3.45
5 3.465
5 3.48
5 3.495
5 3.51
5 3.525
5 3.54
5 3.555
5 3.57
5 3.585
5 3.6
5 3.615
5 3.63
5 3.645
5 3.66
5 3.675
5 3.69
5 3.705
5 3.72
5 3.735
5 3.75
5 3.765
5 3.78
5 3.795
5 3.81
5 3.825
5 3.84
5 3.855
5 3.87
5 3.885
5 3.9
5 3.915
5 3.93
5 3.945
5 3.96
5 3.975
5 3.99
5 4.005
5 4.02
5 4.035
5 4.05
5 4.065
5 4.08
5 4.095
5 4.11
5 4.125
5 4.14
5 4.155
5 4.17
5 4.185
5 4.2
5 4.215
5 4.23
5 4.245
5 4.26
5 4.275
5 4.29
5 4.305
5 4.32
5 4.335
5 4.35
5 4.365
5 4.38
5 4.395
5 4.41
5 4.425
5 4.44
5 4.455
5 4.47
5 4.485
5 4.5
5 4.515
5 4.53
5 4.545
5 4.56
5 4.575
5 4.59
5 4.605
5 4.62
5 4.635
5 4.65
5 4.665
5 4.68
5 4.695
5 4.71
5 4.725
5 4.74
5 4.755
5 4.77
5 4.785
5 4.8
5 4.815
5 4.83
5 4.845
5 4.86
5 4.875
5 4.89
5 4.905
5 4.92
5 4.935
5 4.95
5 4.965
5 4.98
5 4.995
5 5.01
5 5.025
5 5.04
5 5.055
5 5.07
5 5.085
5 5.1
5 5.115
5 5.13
5 5.145
5 5.16
5 5.175
5 5.19
5 5.205
5 5.22
5 5.235
5 5.25
5 5.265
5 5.28
5 5.295
5 5.31
5 5.325
5 5.34
5 5.355
5 5.37
5 5.385
5 5.4
5 5.415
5 5.43
5 5.445
5 5.46
5 5.475
5 5.49
5 5.505
5 5.52
5 5.535
5 5.55
5 5.565
5 5.58
5 5.595
5 5.61
5 5.625
5 5.64
5 5.655
5 5.67
5 5.685
5 5.7
5 5.715
5 5.73
5 5.745
5 5.76
5 5.775
5 5.79
5 5.805
5 5.82
5 5.835
5 5.85
5 5.865
5 5.88
5 5.895
5 5.91
5 5.925
5 5.94
5 5.955
5 5.97
5 5.985
5 6
5 6.015
5 6.03
5 6.045
5 6.06
5 6.075
5 6.09
5 6.105
5 6.12
5 6.135
5 6.15
5 6.165
5 6.18
5 6.195
5 6.21
5 6.225
5 6.24
5 6.255
5 6.27
5 6.285
5 6.3
5 6.315
5 6.33
5 6.345
5 6.36
5 6.375
5 6.39
5 6.405
5 6.42
5 6.435
5 6.45
5 6.465
5 6.48
5 6.495
5 6.51
5 6.525
5 6.54
5 6.555
5 6.57
5 6.585
5 6.6
5 6.615
5 6.63
5 6.645
5 6.66
5 6.675
5 6.69
5 6.705
5 6.72
5 6.735
5 6.75
5 6.765
5 6.78
5 6.795
5 6.81
5 6.825
5 6.84
5 6.855
5 6.87
5 6.885
5 6.9
5 6.915
5 6.93
5 6.945
5 6.96
5 6.975
5 6.99
5 7.005
5 7.02
5 7.035
5 7.05
5 7.065
5 7.08
5 7.095
5 7.11
5 7.125
5 7.14
5 7.155
5 7.17
5 7.185
5 7.2
5 7.215
5 7.23
5 7.245
5 7.26
5 7.275
5 7.29
5 7.305
5 7.32
5 7.335
5 7.35
5 7.365
5 7.38
5 7.395
5 7.41
5 7.425
5 7.44
5 7.455
5 7.47
5 7.485
5 7.5
5 7.515
5 7.53
5 7.545
5 7.56
5 7.575
5 7.59
5 7.605
5 7.62
5 7.635
5 7.65
5 7.665
5 7.68
5 7.695
5 7.71
5 7.725
5 7.74
5 7.755
5 7.77
5 7.785
5 7.8
5 7.815
5 7.83
5 7.845
5 7.86
5 7.875
5 7.89
5 7.905
5 7.92
5 7.935
5 7.95
5 7.965
5 7.98
5 7.995
5 8.01
5 8.025
5 8.04
5 8.055
5 8.07
5 8.085
5 8.1
5 8.115
5 8.13
5 8.145
5 8.16
5 8.175
5 8.19
5 8.205
5 8.22
5 8.235
5 8.25
5 8.265
5 8.28
5 8.295
5 8.31
5 8.325
5 8.34
5 8.355
5 8.37
5 8.385
5 8.4
5 8.415
5 8.43
5 8.445
5 8.46
5 8.475
5 8.49
5 8.505
5 8.52
5 8.535
5 8.55
5 8.565
5 8.58
5 8.595
5 8.61
5 8.625
5 8.64
5 8.655
5 8.67
5 8.685
5 8.7
5 8.715
5 8.73
5 8.745
5 8.76
5 8.775
5 8.79
5 8.805
5 8.82
5 8.835
5 8.85
5 8.865
5 8.88
5 8.895
5 8.91
5 8.925
5 8.94
5 8.955
5 8.97
5 8.985
5 9
5 9.015
5 9.03
5 9.045
5 9.06
5 9.075
5 9.09
5 9.105
5 9.12
5 9.135
5 9.15
5 9.165
5 9.18
5 9.195
5 9.21
5 9.225
5 9.24
5 9.255
5 9.27
5 9.285
5 9.3
5 9.315
5 9.33
5 9.345
5 9.36
5 9.375
5 9.39
5 9.405
5 9.42
5 9.435
5 9.45
5 9.465
5 9.48
5 9.495
5 9.51
5 9.525
5 9.54
5 9.555
5 9.57
5 9.585
5 9.6
5 9.615
5 9.63
5 9.645
5 9.66
5 9.675
5 9.69
5 9.705
5 9.72
5 9.735
5 9.75
5 9.765
5 9.78
5 9.795
5 9.81
5 9.825
5 9.84
5 9.855
5 9.87
5 9.885
5 9.9
5 9.915
5 9.93
5 9.945
5 9.96
5 9.975
5 9.99
5 10.005
5 10.02
5 10.035
5 10.05
5 10.065
5 10.08
5 10.095
5 10.11
5 10.125
5 10.14
5 10.155
5 10.17
5 10.185
5 10.2
5 10.215
5 10.23
5 10.245
5 10.26
5 10.275
5 10.29
5 10.305
5 10.32
5 10.335
5 10.35
5 10.365
5 10.38
5 10.395
5 10.41
5 10.425
5 10.44
5 10.455
5 10.47
5 10.485
5 10.5
5 10.515
5 10.53
5 10.545
5 10.56
5 10.575
5 10.59
5 10.605
5 10.62
5 10.635
5 10.65
5 10.665
5 10.68
5 10.695
5 10.71
5 10.725
5 10.74
5 10.755
5 10.77
5 10.785
5 10.8
5 10.815
5 10.83
5 10.845
5 10.86
5 10.875
5 10.89
5 10.905
5 10.92
5 10.935
5 10.95
5 10.965
5 10.98
5 10.995
5 11.01
5 11.025
5 11.04
5 11.055
5 11.07
5 11.085
5 11.1
5 11.115
5 11.13
5 11.145
5 11.16
5 11.175
5 11.19
5 11.205
5 11.22
5 11.235
5 11.25
5 11.265
5 11.28
5 11.295
5 11.31
5 11.325
5 11.34
5 11.355
5 11.37
5 11.385
5 11.4
5 11.415
5 11.43
5 11.445
5 11.46
5 11.475
5 11.49
5 11.505
5 11.52
5 11.535
5 11.55
5 11.565
5 11.58
5 11.595
5 11.61
5 11.625
5 11.64
5 11.655
5 11.67
5 11.685
5 11.7
5 11.715
5 11.73
5 11.745
5 11.76
5 11.775
5 11.79
5 11.805
5 11.82
5 11.835
5 11.85
5 11.865
5 11.88
5 11.895
5 11.91
5 11.925
5 11.94
5 11.955
5 11.97
5 11.985
5 12
5 12.015
5 12.03
5 12.045
5 12.06
5 12.075
5 12.09
5 12.105
5 12.12
5 12.135
5 12.15
5 12.165
5 12.18
5 12.195
5 12.21
5 12.225
5 12.24
5 12.255
5 12.27
5 12.285
5 12.3
5 12.315
5 12.33
5 12.345
5 12.36
5 12.375
5 12.39
5 12.405
5 12.42
5 12.435
5 12.45
5 12.465
5 12.48
5 12.495
5 12.51
5 12.525
5 12.54
5 12.555
5 12.57
5 12.585
5 12.6
5 12.615
5 12.63
5 12.645
5 12.66
5 12.675
5 12.69
5 12.705
5 12.72
5 12.735
5 12.75
5 12.765
5 12.78
5 12.795
5 12.81
5 12.825
5 12.84
5 12.855
5 12.87
5 12.885
5 12.9
5 12.915
5 12.93
5 12.945
5 12.96
5 12.975
5 12.99
5 13.005
5 13.02
5 13.035
5 13.05
5 13.065
5 13.08
5 13.095
5 13.11
5 13.125
5 13.14
5 13.155
5 13.17
5 13.185
5 13.2
5 13.215
5 13.23
5 13.245
5 13.26
5 13.275
5 13.29
5 13.305
5 13.32
5 13.335
5 13.35
5 13.365
5 13.38
5 13.395
5 13.41
5 13.425
5 13.44
5 13.455
5 13.47
5 13.485
5 13.5
5 13.515
5 13.53
5 13.545
5 13.56
5 13.575
5 13.59
5 13.605
5 13.62
5 13.635
5 13.65
5 13.665
5 13.68
5 13.695
5 13.71
5 13.725
5 13.74
5 13.755
5 13.77
5 13.785
5 13.8
5 13.815
5 13.83
5 13.845
5 13.86
5 13.875
5 13.89
5 13.905
5 13.92
5 13.935
5 13.95
5 13.965
5 13.98
5 13.995
5 14.01
5 14.025
5 14.04
5 14.055
5 14.07
5 14.085
5 14.1
5 14.115
5 14.13
5 14.145
5 14.16
5 14.175
5 14.19
5 14.205
5 14.22
5 14.235
5 14.25
5 14.265
5 14.28
5 14.295
5 14.31
5 14.325
5 14.34
5 14.355
5 14.37
5 14.385
5 14.4
5 14.415
5 14.43
5 14.445
5 14.46
5 14.475
5 14.49
5 14.505
5 14.52
5 14.535
5 14.55
5 14.565
5 14.58
5 14.595
5 14.61
5 14.625
5 14.64
5 14.655
5 14.67
5 14.685
5 14.7
5 14.715
5 14.73
5 14.745
5 14.76
5 14.775
5 14.79
5 14.805
5 14.82
5 14.835
5 14.85
5 14.865
5 14.88
5 14.895
5 14.91
5 14.925
5 14.94
5 14.955
5 14.97
5 14.985
5 15
