4 0.10956324063246 6.0794633006953e-05 0.41779105303483 0.00024296174511585
5 0.097764559576578 7.7596631828642e-05 0.39093949675217 0.00026165042655553
6 0.089422746118501 9.4229112118206e-05 0.37156200397642 0.00030801149095124
7 0.083221053133583 0.0001127527854716 0.35588947945438 0.00048658788946449
8 0.078333398343999 0.00013079889573898 0.34536342269706 0.00059182932712979
9 0.074293740916392 0.00013900451076955 0.3343918398199 0.00054681735233804
10 0.070933142771693 0.00014121347924519 0.32544051728822 0.00058959206429762
11 0.068095497817054 0.00015255071180958 0.31880329818281 0.00063406778870326
12 0.065690502587285 0.00016505123448646 0.31102629450858 0.0007331226133483
13 0.063549132912593 0.00018368134672848 0.30465309245295 0.00077147341472171
14 0.061579753461883 0.00022073825678833 0.29924830450844 0.00068051223735745
15 0.059867102719255 0.00024553165264371 0.29468541595124 0.0006854681508005
16 0.058373218494074 0.00029145503157812 0.29131144913246 0.00067870961697677
17 0.056947121857664 0.00031903004927649 0.2877144716726 0.00086464554998431
18 0.055863427461866 0.00035205064000314 0.28335580511588 0.00088351292894
19 0.054638015864958 0.00035879847977075 0.2797450680655 0.0008762276048084
20 0.053448987146024 0.00037806234306248 0.27653611915497 0.00084005784563154
