# Numero de  
4 0.12065868740803 6.3537456104818e-05 2.8167791885194 0.0011156189382788
5 0.10964816853974 8.9548508027302e-05 2.9555362062348 0.0015070558232887
6 0.10199786989812 0.00010866022813244 3.0589832867016 0.0022563969421895
7 0.096126788659883 0.00013985782819397 3.1445382393385 0.0034214589450806
8 0.091439744037969 0.00016462575865948 3.2158840309653 0.0042019114783454
9 0.087712003310832 0.00018074163906974 3.2763911862088 0.0047452573788945
10 0.084528906747086 0.0001841779052141 3.330238365712 0.0048920275101459
11 0.081876398983611 0.00017429104032454 3.3793507999013 0.0050691895961285
12 0.079458750252466 0.00019351985890698 3.4258191089418 0.00540424945368
