1 0.40693260405616 0.0099051195146987
2 0.61481986779786 0.015086627097253
3 0.74747754439998 0.018395990619602
4 0.84260859927169 0.020792726682675
5 0.91582632350273 0.022693936866868
6 0.97483770206906 0.024302357378215
7 1.0239424141912 0.025721817539437
8 1.0657682651344 0.027007781472494
9 1.102035475755 0.028191865245841
10 1.1339303889767 0.029293931037247
11 1.1623047638388 0.03032791318227
12 1.187789976155 0.031304544493391
13 1.2108663765997 0.032232600635944
14 1.2319074365413 0.033119492029725
15 1.2512089457001 0.033971557909895
16 1.2690089291982 0.034794253098605
17 1.2855016079616 0.035592273696717
18 1.3008474069067 0.036369665992923
19 1.3151802795977 0.037129914219745
20 1.3286131586617 0.037876020215809
# Median slope: 0.64730494152453 0.015737310764209
# Fitting results
###################
# a0 = 0.013025488749028 +- 0.00092498281650241
# a1 = 0.54677085488464 +- 0.0051770214422472
# b0 = 0.039566398987939 +- 0.00092498281650241
# b1 = 0.23137866665993 +- 0.0017955714073954
