692   0  1.00000000 0.00000000
692   1  0.44532186 0.00009806
692   2  0.35887742 0.00011726
692   3  0.32979924 0.00012376
692   4  0.31067222 0.00012748
692   5  0.29380207 0.00013133
692   6  0.27771681 0.00013547
692   7  0.26213146 0.00014123
692   8  0.24699744 0.00014614
692   9  0.23232245 0.00015157
692  10  0.21812122 0.00015594
692  11  0.20441506 0.00015977
692  12  0.19122064 0.00016461
692  13  0.17854528 0.00016869
692  14  0.16639437 0.00017145
692  15  0.15477948 0.00017448
692  16  0.14369494 0.00017668
692  17  0.13313873 0.00017765
692  18  0.12311089 0.00017910
692  19  0.11360062 0.00017944
692  20  0.10460838 0.00018046
692  21  0.09612345 0.00017964
692  22  0.08813679 0.00017802
692  23  0.08063426 0.00017651
692  24  0.07360713 0.00017448
692  25  0.06703872 0.00017209
692  26  0.06091836 0.00016954
692  27  0.05522826 0.00016623
692  28  0.04995010 0.00016298
692  29  0.04506700 0.00015904
692  30  0.04056517 0.00015496
692  31  0.03642487 0.00015058
692  32  0.03262715 0.00014605
692  33  0.02915277 0.00014095
692  34  0.02598515 0.00013604
692  35  0.02310364 0.00013096
692  36  0.02049036 0.00012580
692  37  0.01812780 0.00012039
692  38  0.01599726 0.00011520
692  39  0.01408112 0.00010992
692  40  0.01236437 0.00010473
692  41  0.01082879 0.00009955
692  42  0.00946046 0.00009477
692  43  0.00824412 0.00008980
692  44  0.00716663 0.00008518
692  45  0.00621370 0.00008064
692  46  0.00537440 0.00007611
692  47  0.00463663 0.00007185
692  48  0.00399031 0.00006785
692  49  0.00342614 0.00006393
692  50  0.00293454 0.00006014
692  51  0.00250722 0.00005664
692  52  0.00213767 0.00005316
692  53  0.00181850 0.00004991
692  54  0.00154362 0.00004675
692  55  0.00130737 0.00004379
692  56  0.00110521 0.00004112
692  57  0.00093274 0.00003839
692  58  0.00078544 0.00003603
692  59  0.00066069 0.00003377
692  60  0.00055501 0.00003168
692  61  0.00046566 0.00002971
692  62  0.00039059 0.00002776
692  63  0.00032715 0.00002610
692  64  0.00027460 0.00002447
692  65  0.00023040 0.00002296
692  66  0.00019372 0.00002166
692  67  0.00016315 0.00002049
692  68  0.00013771 0.00001941
692  69  0.00011678 0.00001841
692  70  0.00009981 0.00001758
692  71  0.00008550 0.00001683
692  72  0.00007395 0.00001618
692  73  0.00006469 0.00001569
692  74  0.00005739 0.00001531
692  75  0.00005141 0.00001492
692  76  0.00004681 0.00001463
692  77  0.00004367 0.00001439
692  78  0.00004124 0.00001422
692  79  0.00003987 0.00001414
692  80  0.00003929 0.00001401
