#    
4 0.0012117086029066 4.2790073587107e-06 0.00023997066446394 1.3865748878729e-06
5 0.00092174460911849 4.6073388217555e-06 0.00017847916777884 1.4217508748633e-06
6 0.00072473140578704 4.1277077742741e-06 0.0001355837761484 1.5862844600465e-06
7 0.000592360086207 3.9850163473142e-06 0.00010637905656331 1.2539738780916e-06
8 0.00050124329675138 4.6824124525811e-06 8.7235537381675e-05 1.4306545330352e-06
9 0.00043201185119952 4.3152711925619e-06 7.3644715063074e-05 1.5011146781453e-06
10 0.00038011732933245 3.4426821756197e-06 6.3511076854577e-05 1.2110466621756e-06
11 0.00033951481459766 2.7538152941612e-06 5.5533661492258e-05 7.3756179434782e-07
12 0.00030749017714239 3.4555587033129e-06 4.9997461052344e-05 8.6060830899679e-07
13 0.00027830288601175 4.7493738541811e-06 4.4042511708505e-05 1.2569522770145e-06
14 0.00025528529733865 5.7716715285483e-06 3.9579887575479e-05 1.5374288933297e-06
15 0.000235754754919 5.9547496602558e-06 3.5918728648403e-05 1.5502414579734e-06
16 0.00021832414545853 6.4157975212453e-06 3.3236042739135e-05 1.7623144606706e-06
17 0.00020076034696552 6.4393571531648e-06 2.9325331743571e-05 1.7395363566069e-06
18 0.00019070561145458 6.5495290205611e-06 2.8471925984134e-05 1.7776148601471e-06
19 0.00017712581933805 6.0515529228135e-06 2.5613687049705e-05 1.4622999690338e-06
20 0.00016264850072254 6.036579631639e-06 2.245868395863e-05 1.2009512812235e-06
