0 0.64081608030535 0.015737310764209 0 1e-20 0.64081608030535 0.015737310764209 0 1e-20
1 0.27672886483045 0.006762736469833 0.14296033535039 0.0036296210599384 0.28051922820943 0.0068414560074738 0.14210087391257 0.0036314294610519
2 0.15799051819513 0.0040150362437269 0.31215067221203 0.0077028651467217 0.15615937926002 0.0039892374311012 0.31952516639138 0.0080414423936635
3 0.10499874122376 0.0028154794712973 0.44156977970862 0.010793372639509 0.10118522695897 0.0028349605962786 0.45361179644842 0.011340008849346
4 0.076850938255704 0.0021998183710264 0.53876656903271 0.013127763533621 0.073428385512823 0.0022982424621937 0.54932393974907 0.013675886504796
5 0.060134995780688 0.0018525703803005 0.61332801018194 0.014933953936242 0.057898310598723 0.0020024424778506 0.61852278842867 0.015342509297865
6 0.049404650073999 0.00164345291936 0.67197888403284 0.016366839824819 0.048425633116212 0.0018081184720028 0.67026589133128 0.016566531467397
7 0.042109213191016 0.001510854363331 0.71918024468712 0.017528865860417 0.042196913930761 0.0016621250770064 0.71055399534049 0.017502981844752
8 0.036924961382186 0.0014230325841127 0.75792320366762 0.01848907842364 0.037823297537217 0.0015429697619665 0.74323869778867 0.01825469061883
9 0.033109434641324 0.0013626224622976 0.790262830389 0.019295281600868 0.034573463053933 0.0014411192798895 0.7707890164884 0.018889224080467
10 0.030220022415726 0.0013196654424071 0.81764848466661 0.019981465162426 0.032040709990777 0.0013518170534804 0.79480214207343 0.019450752410932
11 0.027979567935189 0.0012882160414525 0.8411278258365 0.02057239217308 0.029987827534791 0.0012723600180826 0.81632447121014 0.019967960915818
12 0.026207339460733 0.0012645952838085 0.86147521300561 0.021086500147406 0.028270431969118 0.0012010098588725 0.83605097575329 0.020459273558871
13 0.024781405691389 0.00124645176794 0.8792745065238 0.021537784242632 0.026797147753313 0.0011365302690429 0.85444955027632 0.020936310853986
14 0.023617088225199 0.0012322377692818 0.89497380341458 0.021937051029272 0.02550801658727 0.0010779762718045 0.8718393993518 0.021406191604037
15 0.022654093590989 0.0012209069906729 0.90892248191277 0.022292773088769 0.024362339528574 0.0010245904904851 0.88844109757975 0.021873072599105
16 0.021848547494991 0.0012117347631715 0.92139682498825 0.022611684192043 0.023331596377141 0.00097574738082815 0.90440899386501 0.022339181574637
17 0.021167907529252 0.001204208021216 0.93261810073389 0.022899201989582 0.022395194533996 0.00093092032290253 0.91985246558202 0.022805510474818
18 0.020587624179282 0.0011979561918805 0.94276555398095 0.023159733575507 0.021537844518911 0.00088966038341844 0.93485003452815 0.02327227961873
19 0.020088895729122 0.0011927067227467 0.95198589707045 0.023396899970946 0.020747897357279 0.00085158151135259 0.94945885152894 0.023739246782825
20 0.019657125868122 0.0011882558193003 0.96040034850985 0.023613703480434 0.020016265563117 0.00081634957978918 0.96372113757064 0.024205911152546
