15172184825   0  1.00000000 0.00000000
15172184825   1  0.56779659 0.00016716
15172184825   2  0.39717477 0.00027937
15172184825   3  0.31475784 0.00035072
15172184825   4  0.26497102 0.00039474
15172184825   5  0.22997563 0.00042473
15172184825   6  0.20309501 0.00044283
15172184825   7  0.18128109 0.00045596
15172184825   8  0.16298051 0.00046417
15172184825   9  0.14726280 0.00046928
15172184825  10  0.13352491 0.00047423
15172184825  11  0.12137274 0.00047757
15172184825  12  0.11052740 0.00047864
15172184825  13  0.10078025 0.00047344
15172184825  14  0.09197511 0.00046422
15172184825  15  0.08399673 0.00045322
15172184825  16  0.07674072 0.00044063
15172184825  17  0.07011738 0.00042640
15172184825  18  0.06406266 0.00041104
15172184825  19  0.05852326 0.00039467
15172184825  20  0.05344897 0.00037807
15172184825  21  0.04880033 0.00036118
15172184825  22  0.04453774 0.00034329
15172184825  23  0.04063230 0.00032604
15172184825  24  0.03704667 0.00030859
15172184825  25  0.03375908 0.00029149
15172184825  26  0.03074678 0.00027536
15172184825  27  0.02798836 0.00025954
15172184825  28  0.02546228 0.00024493
15172184825  29  0.02315006 0.00023011
15172184825  30  0.02103246 0.00021542
15172184825  31  0.01909478 0.00020097
15172184825  32  0.01732247 0.00018705
15172184825  33  0.01570535 0.00017399
15172184825  34  0.01423016 0.00016138
15172184825  35  0.01288636 0.00014921
15172184825  36  0.01166436 0.00013804
15172184825  37  0.01055237 0.00012741
15172184825  38  0.00954096 0.00011726
15172184825  39  0.00862075 0.00010809
15172184825  40  0.00778406 0.00009994
15172184825  41  0.00702371 0.00009230
15172184825  42  0.00633347 0.00008513
15172184825  43  0.00570920 0.00007824
15172184825  44  0.00514290 0.00007166
15172184825  45  0.00463016 0.00006550
15172184825  46  0.00416594 0.00005984
15172184825  47  0.00374540 0.00005462
15172184825  48  0.00336570 0.00004976
15172184825  49  0.00302306 0.00004532
15172184825  50  0.00271412 0.00004134
15172184825  51  0.00243488 0.00003773
15172184825  52  0.00218286 0.00003446
15172184825  53  0.00195566 0.00003161
15172184825  54  0.00175161 0.00002901
15172184825  55  0.00156838 0.00002685
15172184825  56  0.00140334 0.00002490
15172184825  57  0.00125557 0.00002311
15172184825  58  0.00112292 0.00002146
15172184825  59  0.00100358 0.00002010
15172184825  60  0.00089676 0.00001877
15172184825  61  0.00080125 0.00001758
15172184825  62  0.00071577 0.00001652
15172184825  63  0.00063893 0.00001555
15172184825  64  0.00057076 0.00001458
15172184825  65  0.00051039 0.00001370
15172184825  66  0.00045688 0.00001280
15172184825  67  0.00040942 0.00001200
15172184825  68  0.00036755 0.00001123
15172184825  69  0.00033105 0.00001053
15172184825  70  0.00029888 0.00001001
15172184825  71  0.00027117 0.00000961
15172184825  72  0.00024692 0.00000917
15172184825  73  0.00022638 0.00000879
15172184825  74  0.00020932 0.00000848
15172184825  75  0.00019522 0.00000823
15172184825  76  0.00018391 0.00000804
15172184825  77  0.00017564 0.00000789
15172184825  78  0.00016940 0.00000778
15172184825  79  0.00016569 0.00000765
15172184825  80  0.00016440 0.00000752
