1 0.61444924411754 0.011293832295132
2 0.92298039199824 0.017227402244562
3 1.1201459036795 0.021154772525888
4 1.2624563257036 0.02420239558563
5 1.3728217968538 0.026804460314378
6 1.4625743532198 0.029168340767018
7 1.5380785824897 0.031410569369602
8 1.6032291558913 0.033601141370182
9 1.6605593613739 0.035782638880935
10 1.7117949052319 0.037980696815264
11 1.7581556801944 0.04021029443043
12 1.8005311276993 0.042479631637944
13 1.8395872574887 0.044792507012593
14 1.8758345598632 0.047149810400694
15 1.9096725199296 0.049550483122473
16 1.9414196161075 0.051992160647065
17 1.9713340276767 0.0544716290298
18 1.9996282433529 0.056985151424496
19 2.0264795711541 0.059528723962702
20 2.0520378216806 0.062098253257237
# Median slope: 0.98311547551002 0.017565863837541
# Fitting results
###################
# a0 = 0.016967328499907 +- 0.0015390350990665
# a1 = 0.57301802391295 +- 0.0046529642293651
# b0 = 0.044388442437741 +- 0.0015390350990665
# b1 = 0.24118437019785 +- 0.0016007045442941
