4 0.10956324063246 6.0794633006951e-05 0.035280845426737 3.2663673057484e-05 2.939065365867 0.0010784211584588
5 0.097764559576578 7.759663182865e-05 0.029838405783579 3.9939191792918e-05 3.1218549415636 0.0015153869639704
6 0.089422746118501 9.4229112118201e-05 0.026120122294728 4.2670522265239e-05 3.266473962076 0.0023004821798424
7 0.083221053133583 0.0001127527854716 0.023458659914349 4.5774168628586e-05 3.3871683652254 0.0037297558572516
8 0.078333398343999 0.00013079889573898 0.02142034106835 4.906829057184e-05 3.4908601109134 0.0048688635333283
9 0.074293740916392 0.00013900451076954 0.01978343216071 4.8219571818322e-05 3.5842408413148 0.005631768442063
10 0.070933142771693 0.00014121347924519 0.018465304897584 4.9321282111045e-05 3.669932519085 0.0062498608508999
11 0.068095497817054 0.00015255071180959 0.017373437367574 5.3450644856208e-05 3.7467002956695 0.0071799508187525
12 0.065690502587285 0.00016505123448646 0.016471595411256 6.2043150400136e-05 3.8170732752386 0.0079976102906632
13 0.063549132912593 0.00018368134672848 0.015678569745777 7.3087643879775e-05 3.8822829423976 0.0088371595424763
14 0.061579753461883 0.00022073825678833 0.014958093347763 9.032722270033e-05 3.9445761767009 0.0096255253218211
15 0.059867102719255 0.00024553165264371 0.014342441456992 9.8875697230726e-05 4.0017191363509 0.010243645310411
16 0.058373218494074 0.00029145503157813 0.013797714008155 0.00011867315124785 4.0492991282897 0.010695754041594
17 0.056947121857664 0.00031903004927649 0.013290726705691 0.0001282021992435 4.0983134266812 0.012006233878518
18 0.055863427461866 0.00035205064000314 0.01291960301793 0.00014281608156418 4.1399396783574 0.012390587385173
19 0.054638015864958 0.00035879847977075 0.012489721610341 0.00014634765050868 4.1837229598882 0.012885149758585
20 0.05344896776911 0.00037806808175021 0.012064679303685 0.00015495066775374 4.2231561298939 0.01340754807712
